 0.0000 0.0000 0.0000 0.0000
 0.1000 0.0000 0.0000 0.0000
 0.2000 0.0000 0.0000 0.0000
 0.3000 0.0000 0.0000 0.0000
 0.4000 0.0000 0.0000 0.0000
 0.5000 0.0000 0.0000 0.0000
 0.6000 0.0000 0.0000 0.0000
 0.7000 0.0000 0.0000 0.0000
 0.8000 0.0000 0.0000 0.0000
 0.9000 0.0000 0.0000 0.0000
 1.0000 0.0000 0.0000 0.0000
 1.1000 0.0000 0.0000 0.0000
 1.2000 0.0000 0.0000 0.0000
 1.3000 0.0000 0.0000 0.0000
 1.4000 0.0000 0.0000 0.0000
 1.5000 0.0000 0.0000 0.0000
 1.6000 0.0000 0.0000 0.0000
 1.7000 0.0000 0.0000 0.0000
 1.8000 0.0000 0.0000 0.0000
 1.9000 0.0000 0.0000 0.0000
 2.0000 0.0000 0.0000 0.0000
 2.1000 0.0000 0.0000 0.0000
 2.2000 0.0000 0.0000 0.0000
 2.3000 0.0000 0.0000 0.0000
 2.4000 0.0000 0.0000 0.0000
 2.5000 0.0000 0.0000 0.0000
 2.6000 0.0000 0.0000 0.0000
 2.7000 0.0000 0.0000 0.0000
 2.8000 0.0000 0.0000 0.0000
 2.9000 0.0000 0.0000 0.0000
 3.0000 0.0000 0.0000 0.0000
 3.1000 0.0000 0.0000 0.0000
 3.2000 0.0000 0.0000 0.0000
 3.3000 0.0000 0.0000 0.0000
 3.4000 0.0000 0.0000 0.0000
 3.5000 0.0000 0.0000 0.0000
 3.6000 0.0000 0.0000 0.0000
 3.7000 0.0000 0.0000 0.0000
 3.8000 0.0000 0.0000 0.0000
 3.9000 0.0000 0.0000 0.0000
 4.0000 0.0000 0.0000 0.0000
 4.1000 0.0000 0.0000 0.0000
 4.2000 0.0000 0.0000 0.0000
 4.3000 0.0000 0.0000 0.0000
 4.4000 0.0000 0.0000 0.0000
 4.5000 0.0000 0.0000 0.0000
 4.6000 0.0000 0.0000 0.0000
 4.7000 0.0000 0.0000 0.0000
 4.8000 0.0000 0.0000 0.0000
 4.9000 0.0000 0.0000 0.0000
 5.0000 0.0000 0.0000 0.0000
 5.1000 0.0000 0.0000 0.0000
 5.2000 0.0000 0.0000 0.0000
 5.3000 0.0000 0.0000 0.0000
 5.4000 0.0000 0.0000 0.0000
 5.5000 0.0000 0.0000 0.0000
 5.6000 0.0000 0.0000 0.0000
 5.7000 0.0000 0.0000 0.0000
 5.8000 0.0000 0.0000 0.0000
 5.9000 0.0000 0.0000 0.0000
 6.0000 0.0000 0.0000 0.0000
 6.1000 0.0000 0.0000 0.0000
 6.2000 0.0000 0.0000 0.0000
 6.3000 0.0000 0.0000 0.0000
 6.4000 0.0000 0.0000 0.0000
 6.5000 0.0000 0.0000 0.0000
 6.6000 0.0000 0.0000 0.0000
 6.7000 0.0000 0.0000 0.0000
 6.8000 0.0000 0.0000 0.0000
 6.9000 0.0000 0.0000 0.0000
 7.0000 0.0000 0.0000 0.0000
 7.1000 0.0000 0.0000 0.0000
 7.2000 0.0000 0.0000 0.0000
 7.3000 0.0000 0.0000 0.0000
 7.4000 0.0000 0.0000 0.0000
 7.5000 0.0000 0.0000 0.0000
 7.6000 0.0000 0.0000 0.0000
 7.7000 0.0000 0.0000 0.0000
 7.8000 0.0000 0.0000 0.0000
 7.9000 0.0000 0.0000 0.0000
 8.0000 0.0000 0.0000 0.0000
 8.1000 0.0000 0.0000 0.0000
 8.2000 0.0000 0.0000 0.0000
 8.3000 0.0000 0.0000 0.0000
 8.4000 0.0000 0.0000 0.0000
 8.5000 0.0000 0.0000 0.0000
 8.6000 0.0000 0.0000 0.0000
 8.7000 0.0000 0.0000 0.0000
 8.8000 0.0000 0.0000 0.0000
 8.9000 0.0000 0.0000 0.0000
 9.0000 0.0000 0.0000 0.0000
 9.1000 0.0000 0.0000 0.0000
 9.2000 0.0000 0.0000 0.0000
 9.3000 0.0000 0.0000 0.0000
 9.4000 0.0000 0.0000 0.0000
 9.5000 0.0000 0.0000 0.0000
 9.6000 0.0000 0.0000 0.0000
 9.7000 0.0000 0.0000 0.0000
 9.8000 0.0000 0.0000 0.0000
 9.9000 0.0000 0.0000 0.0000
 10.0000 0.0000 0.0000 0.0000
 10.1000 0.0000 0.0000 0.0000
 10.2000 0.0000 0.0000 0.0000
 10.3000 0.0000 0.0000 0.0000
 10.4000 0.0000 0.0000 0.0000
 10.5000 0.0000 0.0000 0.0000
 10.6000 0.0000 0.0000 0.0000
 10.7000 0.0000 0.0000 0.0000
 10.8000 0.0000 0.0000 0.0000
 10.9000 0.0000 0.0000 0.0000
 11.0000 0.0000 0.0000 0.0000
 11.1000 0.0000 0.0000 0.0000
 11.2000 0.0000 0.0000 0.0000
 11.3000 0.0000 0.0000 0.0000
 11.4000 0.0000 0.0000 0.0000
 11.5000 0.0000 0.0000 0.0000
 11.6000 0.0000 0.0000 0.0000
 11.7000 0.0000 0.0000 0.0000
 11.8000 0.0000 0.0000 0.0000
 11.9000 0.0000 0.0000 0.0000
 12.0000 0.0000 0.0000 0.0000
 12.1000 0.0000 0.0000 0.0000
 12.2000 0.0000 0.0000 0.0000
 12.3000 0.0000 0.0000 0.0000
 12.4000 0.0000 0.0000 0.0000
 12.5000 0.0000 0.0000 0.0000
 12.6000 0.0000 0.0000 0.0000
 12.7000 0.0000 0.0000 0.0000
 12.8000 0.0000 0.0000 0.0000
 12.9000 0.0000 0.0000 0.0000
 13.0000 0.0000 0.0000 0.0000
 13.1000 0.0000 0.0000 0.0000
 13.2000 0.0000 0.0000 0.0000
 13.3000 0.0000 0.0000 0.0000
 13.4000 0.0000 0.0000 0.0000
 13.5000 0.0000 0.0000 0.0000
 13.6000 0.0000 0.0000 0.0000
 13.7000 0.0000 0.0000 0.0000
 13.8000 0.0000 0.0000 0.0000
 13.9000 0.0000 0.0000 0.0000
 14.0000 0.0000 0.0000 0.0000
 14.1000 0.0000 0.0000 0.0000
 14.2000 0.0000 0.0000 0.0000
 14.3000 0.0000 0.0000 0.0000
 14.4000 0.0000 0.0000 0.0000
 14.5000 0.0000 0.0000 0.0000
 14.6000 0.0000 0.0000 0.0000
 14.7000 0.0000 0.0000 0.0000
 14.8000 0.0000 0.0000 0.0000
 14.9000 0.0000 0.0000 0.0000
 15.0000 0.0000 0.0000 0.0000
 15.1000 0.0000 0.0000 0.0000
 15.2000 0.0000 0.0000 0.0000
 15.3000 0.0000 0.0000 0.0000
 15.4000 0.0000 0.0000 0.0000
 15.5000 0.0000 0.0000 0.0000
 15.6000 0.0000 0.0000 0.0000
 15.7000 0.0000 0.0000 0.0000
 15.8000 0.0000 0.0000 0.0000
 15.9000 0.0000 0.0000 0.0000
 16.0000 0.0000 0.0000 0.0000
 16.1000 0.0000 0.0000 0.0000
 16.2000 0.0000 0.0000 0.0000
 16.3000 0.0000 0.0000 0.0000
 16.4000 0.0000 0.0000 0.0000
 16.5000 0.0000 0.0000 0.0000
 16.6000 0.0000 0.0000 0.0000
 16.7000 0.0000 0.0000 0.0000
 16.8000 0.0000 0.0000 0.0000
 16.9000 0.0000 0.0000 0.0000
 17.0000 0.0000 0.0000 0.0000
 17.1000 0.0000 0.0000 0.0000
 17.2000 0.0000 0.0000 0.0000
 17.3000 0.0000 0.0000 0.0000
 17.4000 0.0000 0.0000 0.0000
 17.5000 0.0000 0.0000 0.0000
 17.6000 0.0000 0.0000 0.0000
 17.7000 0.0000 0.0000 0.0000
 17.8000 0.0000 0.0000 0.0000
 17.9000 0.0000 0.0000 0.0000
 18.0000 0.0000 0.0000 0.0000
 18.1000 0.0000 0.0000 0.0000
 18.2000 0.0000 0.0000 0.0000
 18.3000 0.0000 0.0000 0.0000
 18.4000 0.0000 0.0000 0.0000
 18.5000 0.0000 0.0000 0.0000
 18.6000 0.0000 0.0000 0.0000
 18.7000 0.0000 0.0000 0.0000
 18.8000 0.0000 0.0000 0.0000
 18.9000 0.0000 0.0000 0.0000
 19.0000 0.0000 0.0000 0.0000
 19.1000 0.0000 0.0000 0.0000
 19.2000 0.0000 0.0000 0.0000
 19.3000 0.0000 0.0000 0.0000
 19.4000 0.0000 0.0000 0.0000
 19.5000 0.0000 0.0000 0.0000
 19.6000 0.0000 0.0000 0.0000
 19.7000 0.0000 0.0000 0.0000
 19.8000 0.0000 0.0000 0.0000
 19.9000 0.0000 0.0000 0.0000
 20.0000 0.0000 0.0000 0.0000
 20.1000 0.0000 0.0000 0.0000
 20.2000 0.0000 0.0000 0.0000
 20.3000 0.0000 0.0000 0.0000
 20.4000 0.0000 0.0000 0.0000
 20.5000 0.0000 0.0000 0.0000
 20.6000 0.0000 0.0000 0.0000
 20.7000 0.0000 0.0000 0.0000
 20.8000 0.0000 0.0000 0.0000
 20.9000 0.0000 0.0000 0.0000
 21.0000 0.0000 0.0000 0.0000
 21.1000 0.0000 0.0000 0.0000
 21.2000 0.0000 0.0000 0.0000
 21.3000 0.0000 0.0000 0.0000
 21.4000 0.0000 0.0000 0.0000
 21.5000 0.0000 0.0000 0.0000
 21.6000 0.0000 0.0000 0.0000
 21.7000 0.0000 0.0000 0.0000
 21.8000 0.0000 0.0000 0.0000
 21.9000 0.0000 0.0000 0.0000
 22.0000 0.0000 0.0000 0.0000
 22.1000 0.0000 0.0000 0.0000
 22.2000 0.0000 0.0000 0.0000
 22.3000 0.0000 0.0000 0.0000
 22.4000 0.0000 0.0000 0.0000
 22.5000 0.0000 0.0000 0.0000
 22.6000 0.0000 0.0000 0.0000
 22.7000 0.0000 0.0000 0.0000
 22.8000 0.0000 0.0000 0.0000
 22.9000 0.0000 0.0000 0.0000
 23.0000 0.0000 0.0000 0.0000
 23.1000 0.0000 0.0000 0.0000
 23.2000 0.0000 0.0000 0.0000
 23.3000 0.0000 0.0000 0.0000
 23.4000 0.0000 0.0000 0.0000
 23.5000 0.0000 0.0000 0.0000
 23.6000 0.0000 0.0000 0.0000
 23.7000 0.0000 0.0000 0.0000
 23.8000 0.0000 0.0000 0.0000
 23.9000 0.0000 0.0000 0.0000
 24.0000 0.0000 0.0000 0.0000
 24.1000 0.0000 0.0000 0.0000
 24.2000 0.0000 0.0000 0.0000
 24.3000 0.0000 0.0000 0.0000
 24.4000 0.0000 0.0000 0.0000
 24.5000 0.0000 0.0000 0.0000
 24.6000 0.0000 0.0000 0.0000
 24.7000 0.0000 0.0000 0.0000
 24.8000 0.0000 0.0000 0.0000
 24.9000 0.0000 0.0000 0.0000
 25.0000 0.0000 0.0000 0.0000
 25.1000 0.0000 0.0000 0.0000
 25.2000 0.0000 0.0000 0.0000
 25.3000 0.0000 0.0000 0.0000
 25.4000 0.0000 0.0000 0.0000
 25.5000 0.0000 0.0000 0.0000
 25.6000 0.0000 0.0000 0.0000
 25.7000 0.0000 0.0000 0.0000
 25.8000 0.0000 0.0000 0.0000
 25.9000 0.0000 0.0000 0.0000
 26.0000 0.0000 0.0000 0.0000
 26.1000 0.0000 0.0000 0.0000
 26.2000 0.0000 0.0000 0.0000
 26.3000 0.0000 0.0000 0.0000
 26.4000 0.0000 0.0000 0.0000
 26.5000 0.0000 0.0000 0.0000
 26.6000 0.0000 0.0000 0.0000
 26.7000 0.0000 0.0000 0.0000
 26.8000 0.0000 0.0000 0.0000
 26.9000 0.0000 0.0000 0.0000
 27.0000 0.0000 0.0000 0.0000
 27.1000 0.0000 0.0000 0.0000
 27.2000 0.0000 0.0000 0.0000
 27.3000 0.0000 0.0000 0.0000
 27.4000 0.0000 0.0000 0.0000
 27.5000 0.0000 0.0000 0.0000
 27.6000 0.0000 0.0000 0.0000
 27.7000 0.0000 0.0000 0.0000
 27.8000 0.0000 0.0000 0.0000
 27.9000 0.0000 0.0000 0.0000
 28.0000 0.0000 0.0000 0.0000
 28.1000 0.0000 0.0000 0.0000
 28.2000 0.0000 0.0000 0.0000
 28.3000 0.0000 0.0000 0.0000
 28.4000 0.0000 0.0000 0.0000
 28.5000 0.0000 0.0000 0.0000
 28.6000 0.0000 0.0000 0.0000
 28.7000 0.0000 0.0000 0.0000
 28.8000 0.0000 0.0000 0.0000
 28.9000 0.0000 0.0000 0.0000
 29.0000 0.0000 0.0000 0.0000
 29.1000 0.0000 0.0000 0.0000
 29.2000 0.0000 0.0000 0.0000
 29.3000 0.0000 0.0000 0.0000
 29.4000 0.0000 0.0000 0.0000
 29.5000 0.0000 0.0000 0.0000
 29.6000 0.0000 0.0000 0.0000
 29.7000 0.0000 0.0000 0.0000
 29.8000 0.0000 0.0000 0.0000
 29.9000 0.0000 0.0000 0.0000
 30.0000 0.0000 0.0000 0.0000
 30.1000 0.0000 0.0000 0.0000
 30.2000 0.0000 0.0000 0.0000
 30.3000 0.0000 0.0000 0.0000
 30.4000 0.0000 0.0000 0.0000
 30.5000 0.0000 0.0000 0.0000
 30.6000 0.0000 0.0000 0.0000
 30.7000 0.0000 0.0000 0.0000
 30.8000 0.0000 0.0000 0.0000
 30.9000 0.0000 0.0000 0.0000
 31.0000 0.0000 0.0000 0.0000
 31.1000 0.0000 0.0000 0.0000
 31.2000 0.0000 0.0000 0.0000
 31.3000 0.0000 0.0000 0.0000
 31.4000 0.0000 0.0000 0.0000
 31.5000 0.0000 0.0000 0.0000
 31.6000 0.0000 0.0000 0.0000
 31.7000 0.0000 0.0000 0.0000
 31.8000 0.0000 0.0000 0.0000
 31.9000 0.0000 0.0000 0.0000
 32.0000 0.0000 0.0000 0.0000
 32.1000 0.0000 0.0000 0.0000
 32.2000 0.0000 0.0000 0.0000
 32.3000 0.0000 0.0000 0.0000
 32.4000 0.0000 0.0000 0.0000
 32.5000 0.0000 0.0000 0.0000
 32.6000 0.0000 0.0000 0.0000
 32.7000 0.0000 0.0000 0.0000
 32.8000 0.0000 0.0000 0.0000
 32.9000 0.0000 0.0000 0.0000
 33.0000 0.0000 0.0000 0.0000
 33.1000 0.0000 0.0000 0.0000
 33.2000 0.0000 0.0000 0.0000
 33.3000 0.0000 0.0000 0.0000
 33.4000 0.0000 0.0000 0.0000
 33.5000 0.0000 0.0000 0.0000
 33.6000 0.0000 0.0000 0.0000
 33.7000 0.0000 0.0000 0.0000
 33.8000 0.0000 0.0000 0.0000
 33.9000 0.0000 0.0000 0.0000
 34.0000 0.0000 0.0000 0.0000
 34.1000 0.0000 0.0000 0.0000
 34.2000 0.0000 0.0000 0.0000
 34.3000 0.0000 0.0000 0.0000
 34.4000 0.0000 0.0000 0.0000
 34.5000 0.0000 0.0000 0.0000
 34.6000 0.0000 0.0000 0.0000
 34.7000 0.0000 0.0000 0.0000
 34.8000 0.0000 0.0000 0.0000
 34.9000 0.0000 0.0000 0.0000
 35.0000 0.0000 0.0000 0.0000
 35.1000 0.0000 0.0000 0.0000
 35.2000 0.0000 0.0000 0.0000
 35.3000 0.0000 0.0000 0.0000
 35.4000 0.0000 0.0000 0.0000
 35.5000 0.0000 0.0000 0.0000
 35.6000 0.0000 0.0000 0.0000
 35.7000 0.0000 0.0000 0.0000
 35.8000 0.0000 0.0000 0.0000
 35.9000 0.0000 0.0000 0.0000
 36.0000 0.0000 0.0000 0.0000
 36.1000 0.0000 0.0000 0.0000
 36.2000 0.0000 0.0000 0.0000
 36.3000 0.0000 0.0000 0.0000
 36.4000 0.0000 0.0000 0.0000
 36.5000 0.0000 0.0000 0.0000
 36.6000 0.0000 0.0000 0.0000
 36.7000 0.0000 0.0000 0.0000
 36.8000 0.0000 0.0000 0.0000
 36.9000 0.0000 0.0000 0.0000
 37.0000 0.0000 0.0000 0.0000
 37.1000 0.0000 0.0000 0.0000
 37.2000 0.0000 0.0000 0.0000
 37.3000 0.0000 0.0000 0.0000
 37.4000 0.0000 0.0000 0.0000
 37.5000 0.0000 0.0000 0.0000
 37.6000 0.0000 0.0000 0.0000
 37.7000 0.0000 0.0000 0.0000
 37.8000 0.0000 0.0000 0.0000
 37.9000 0.0000 0.0000 0.0000
 38.0000 0.0000 0.0000 0.0000
 38.1000 0.0000 0.0000 0.0000
 38.2000 0.0000 0.0000 0.0000
 38.3000 0.0000 0.0000 0.0000
 38.4000 0.0000 0.0000 0.0000
 38.5000 0.0000 0.0000 0.0000
 38.6000 0.0000 0.0000 0.0000
 38.7000 0.0000 0.0000 0.0000
 38.8000 0.0000 0.0000 0.0000
 38.9000 0.0000 0.0000 0.0000
 39.0000 0.0000 0.0000 0.0000
 39.1000 0.0000 0.0000 0.0000
 39.2000 0.0000 0.0000 0.0000
 39.3000 0.0000 0.0000 0.0000
 39.4000 0.0000 0.0000 0.0000
 39.5000 0.0000 0.0000 0.0000
 39.6000 0.0000 0.0000 0.0000
 39.7000 0.0000 0.0000 0.0000
 39.8000 0.0000 0.0000 0.0000
 39.9000 0.0000 0.0000 0.0000
 40.0000 0.0000 0.0000 0.0000
 40.1000 0.0000 0.0000 0.0000
 40.2000 0.0000 0.0000 0.0000
 40.3000 0.0000 0.0000 0.0000
 40.4000 0.0000 0.0000 0.0000
 40.5000 0.0000 0.0000 0.0000
 40.6000 0.0000 0.0000 0.0000
 40.7000 0.0000 0.0000 0.0000
 40.8000 0.0000 0.0000 0.0000
 40.9000 0.0000 0.0000 0.0000
 41.0000 0.0000 0.0000 0.0000
 41.1000 0.0000 0.0000 0.0000
 41.2000 0.0000 0.0000 0.0000
 41.3000 0.0000 0.0000 0.0000
 41.4000 0.0000 0.0000 0.0000
 41.5000 0.0000 0.0000 0.0000
 41.6000 0.0000 0.0000 0.0000
 41.7000 0.0000 0.0000 0.0000
 41.8000 0.0000 0.0000 0.0000
 41.9000 0.0000 0.0000 0.0000
 42.0000 0.0000 0.0000 0.0000
 42.1000 0.0000 0.0000 0.0000
 42.2000 0.0000 0.0000 0.0000
 42.3000 0.0000 0.0000 0.0000
 42.4000 0.0000 0.0000 0.0000
 42.5000 0.0000 0.0000 0.0000
 42.6000 0.0000 0.0000 0.0000
 42.7000 0.0000 0.0000 0.0000
 42.8000 0.0000 0.0000 0.0000
 42.9000 0.0000 0.0000 0.0000
 43.0000 0.0000 0.0000 0.0000
 43.1000 0.0000 0.0000 0.0000
 43.2000 0.0000 0.0000 0.0000
 43.3000 0.0000 0.0000 0.0000
 43.4000 0.0000 0.0000 0.0000
 43.5000 0.0000 0.0000 0.0000
 43.6000 0.0000 0.0000 0.0000
 43.7000 0.0000 0.0000 0.0000
 43.8000 0.0000 0.0000 0.0000
 43.9000 0.0000 0.0000 0.0000
 44.0000 0.0000 0.0000 0.0000
 44.1000 0.0000 0.0000 0.0000
 44.2000 0.0000 0.0000 0.0000
 44.3000 0.0000 0.0000 0.0000
 44.4000 0.0000 0.0000 0.0000
 44.5000 0.0000 0.0000 0.0000
 44.6000 0.0000 0.0000 0.0000
 44.7000 0.0000 0.0000 0.0000
 44.8000 0.0000 0.0000 0.0000
 44.9000 0.0000 0.0000 0.0000
 45.0000 0.0000 0.0000 0.0000
 45.1000 0.0000 0.0000 0.0000
 45.2000 0.0000 0.0000 0.0000
 45.3000 0.0000 0.0000 0.0000
 45.4000 0.0000 0.0000 0.0000
 45.5000 0.0000 0.0000 0.0000
 45.6000 0.0000 0.0000 0.0000
 45.7000 0.0000 0.0000 0.0000
 45.8000 0.0000 0.0000 0.0000
 45.9000 0.0000 0.0000 0.0000
 46.0000 0.0000 0.0000 0.0000
 46.1000 0.0000 0.0000 0.0000
 46.2000 0.0000 0.0000 0.0000
 46.3000 0.0000 0.0000 0.0000
 46.4000 0.0000 0.0000 0.0000
 46.5000 0.0000 0.0000 0.0000
 46.6000 0.0000 0.0000 0.0000
 46.7000 0.0000 0.0000 0.0000
 46.8000 0.0000 0.0000 0.0000
 46.9000 0.0000 0.0000 0.0000
 47.0000 0.0000 0.0000 0.0000
 47.1000 0.0000 0.0000 0.0000
 47.2000 0.0000 0.0000 0.0000
 47.3000 0.0000 0.0000 0.0000
 47.4000 0.0000 0.0000 0.0000
 47.5000 0.0000 0.0000 0.0000
 47.6000 0.0000 0.0000 0.0000
 47.7000 0.0000 0.0000 0.0000
 47.8000 0.0000 0.0000 0.0000
 47.9000 0.0000 0.0000 0.0000
 48.0000 0.0000 0.0000 0.0000
 48.1000 0.0000 0.0000 0.0000
 48.2000 0.0000 0.0000 0.0000
 48.3000 0.0000 0.0000 0.0000
 48.4000 0.0000 0.0000 0.0000
 48.5000 0.0000 0.0000 0.0000
 48.6000 0.0000 0.0000 0.0000
 48.7000 0.0000 0.0000 0.0000
 48.8000 0.0000 0.0000 0.0000
 48.9000 0.0000 0.0000 0.0000
 49.0000 0.0000 0.0000 0.0000
 49.1000 0.0000 0.0000 0.0000
 49.2000 0.0000 0.0000 0.0000
 49.3000 0.0000 0.0000 0.0000
 49.4000 0.0000 0.0000 0.0000
 49.5000 0.0000 0.0000 0.0000
 49.6000 0.0000 0.0000 0.0000
 49.7000 0.0000 0.0000 0.0000
 49.8000 0.0000 0.0000 0.0000
 49.9000 0.0000 0.0000 0.0000
 50.0000 0.0000 0.0000 0.0000
 50.1000 0.0000 0.0000 0.0000
 50.2000 0.0000 0.0000 0.0000
 50.3000 0.0000 0.0000 0.0000
 50.4000 0.0000 0.0000 0.0000
 50.5000 0.0000 0.0000 0.0000
 50.6000 0.0000 0.0000 0.0000
 50.7000 0.0000 0.0000 0.0000
 50.8000 0.0000 0.0000 0.0000
 50.9000 0.0000 0.0000 0.0000
 51.0000 0.0000 0.0000 0.0000
 51.1000 0.0000 0.0000 0.0000
 51.2000 0.0000 0.0000 0.0000
 51.3000 0.0000 0.0000 0.0000
 51.4000 0.0000 0.0000 0.0000
 51.5000 0.0000 0.0000 0.0000
 51.6000 0.0000 0.0000 0.0000
 51.7000 0.0000 0.0000 0.0000
 51.8000 0.0000 0.0000 0.0000
 51.9000 0.0000 0.0000 0.0000
 52.0000 0.0000 0.0000 0.0000
 52.1000 0.0000 0.0000 0.0000
 52.2000 0.0000 0.0000 0.0000
 52.3000 0.0000 0.0000 0.0000
 52.4000 0.0000 0.0000 0.0000
 52.5000 0.0000 0.0000 0.0000
 52.6000 0.0000 0.0000 0.0000
 52.7000 0.0000 0.0000 0.0000
 52.8000 0.0000 0.0000 0.0000
 52.9000 0.0000 0.0000 0.0000
 53.0000 0.0000 0.0000 0.0000
 53.1000 0.0000 0.0000 0.0000
 53.2000 0.0000 0.0000 0.0000
 53.3000 0.0000 0.0000 0.0000
 53.4000 0.0000 0.0000 0.0000
 53.5000 0.0000 0.0000 0.0000
 53.6000 0.0000 0.0000 0.0000
 53.7000 0.0000 0.0000 0.0000
 53.8000 0.0000 0.0000 0.0000
 53.9000 0.0000 0.0000 0.0000
 54.0000 0.0000 0.0000 0.0000
 54.1000 0.0000 0.0000 0.0000
 54.2000 0.0000 0.0000 0.0000
 54.3000 0.0000 0.0000 0.0000
 54.4000 0.0000 0.0000 0.0000
 54.5000 0.0000 0.0000 0.0000
 54.6000 0.0000 0.0000 0.0000
 54.7000 0.0000 0.0000 0.0000
 54.8000 0.0000 0.0000 0.0000
 54.9000 0.0000 0.0000 0.0000
 55.0000 0.0000 0.0000 0.0000
 55.1000 0.0000 0.0000 0.0000
 55.2000 0.0000 0.0000 0.0000
 55.3000 0.0000 0.0000 0.0000
 55.4000 0.0000 0.0000 0.0000
 55.5000 0.0000 0.0000 0.0000
 55.6000 0.0000 0.0000 0.0000
 55.7000 0.0000 0.0000 0.0000
 55.8000 0.0000 0.0000 0.0000
 55.9000 0.0000 0.0000 0.0000
 56.0000 0.0000 0.0000 0.0000
 56.1000 0.0000 0.0000 0.0000
 56.2000 0.0000 0.0000 0.0000
 56.3000 0.0000 0.0000 0.0000
 56.4000 0.0000 0.0000 0.0000
 56.5000 0.0000 0.0000 0.0000
 56.6000 0.0000 0.0000 0.0000
 56.7000 0.0000 0.0000 0.0000
 56.8000 0.0000 0.0000 0.0000
 56.9000 0.0000 0.0000 0.0000
 57.0000 0.0000 0.0000 0.0000
 57.1000 0.0000 0.0000 0.0000
 57.2000 0.0000 0.0000 0.0000
 57.3000 0.0000 0.0000 0.0000
 57.4000 0.0000 0.0000 0.0000
 57.5000 0.0000 0.0000 0.0000
 57.6000 0.0000 0.0000 0.0000
 57.7000 0.0000 0.0000 0.0000
 57.8000 0.0000 0.0000 0.0000
 57.9000 0.0000 0.0000 0.0000
 58.0000 0.0000 0.0000 0.0000
 58.1000 0.0000 0.0000 0.0000
 58.2000 0.0000 0.0000 0.0000
 58.3000 0.0000 0.0000 0.0000
 58.4000 0.0000 0.0000 0.0000
 58.5000 0.0000 0.0000 0.0000
 58.6000 0.0000 0.0000 0.0000
 58.7000 0.0000 0.0000 0.0000
 58.8000 0.0000 0.0000 0.0000
 58.9000 0.0000 0.0000 0.0000
 59.0000 0.0000 0.0000 0.0000
 59.1000 0.0000 0.0000 0.0000
 59.2000 0.0000 0.0000 0.0000
 59.3000 0.0000 0.0000 0.0000
 0.0000 0.0000 0.0000 0.0000
 0.1000 -0.0013 0.0000 0.0000
 0.2000 -0.0026 0.0000 0.0000
 0.3000 -0.0039 0.0000 0.0000
 0.4000 -0.0052 0.0000 0.0000
 0.5000 -0.0064 0.0000 0.0000
 0.6000 -0.0077 0.0000 0.0000
 0.7000 -0.0090 0.0000 0.0000
 0.8000 -0.0103 0.0000 0.0000
 0.9000 -0.0116 0.0000 0.0000
 1.0000 -0.0129 0.0000 0.0000
 1.1000 -0.0142 0.0000 0.0000
 1.2000 -0.0155 0.0000 0.0000
 1.3000 -0.0167 0.0000 0.0000
 1.4000 -0.0180 0.0000 0.0000
 1.5000 -0.0193 0.0000 0.0000
 1.6000 -0.0206 0.0000 0.0000
 1.7000 -0.0219 0.0000 0.0000
 1.8000 -0.0232 0.0000 0.0000
 1.9000 -0.0245 0.0000 0.0000
 2.0000 -0.0258 0.0000 0.0000
 2.1000 -0.0270 0.0000 0.0000
 2.2000 -0.0283 0.0000 0.0000
 2.3000 -0.0296 0.0000 0.0000
 2.4000 -0.0309 0.0000 0.0000
 2.5000 -0.0322 0.0000 0.0000
 2.6000 -0.0335 0.0000 0.0000
 2.7000 -0.0348 0.0000 0.0000
 2.8000 -0.0361 0.0000 0.0000
 2.9000 -0.0374 0.0000 0.0000
 3.0000 -0.0386 0.0000 0.0000
 3.1000 -0.0399 0.0000 0.0000
 3.2000 -0.0412 0.0000 0.0000
 3.3000 -0.0425 0.0000 0.0000
 3.4000 -0.0438 0.0000 0.0000
 3.5000 -0.0451 0.0000 0.0000
 3.6000 -0.0464 0.0000 0.0000
 3.7000 -0.0477 0.0000 0.0000
 3.8000 -0.0489 0.0000 0.0000
 3.9000 -0.0502 0.0000 0.0000
 4.0000 -0.0515 0.0000 0.0000
 4.1000 -0.0528 0.0000 0.0000
 4.2000 -0.0541 0.0000 0.0000
 4.3000 -0.0554 0.0000 0.0000
 4.4000 -0.0567 0.0000 0.0000
 4.5000 -0.0580 0.0000 0.0000
 4.6000 -0.0593 0.0000 0.0000
 4.7000 -0.0605 0.0000 0.0000
 4.8000 -0.0618 0.0000 0.0000
 4.9000 -0.0631 0.0000 0.0000
 5.0000 -0.0644 0.0000 0.0000
 5.1000 -0.0657 0.0000 0.0000
 5.2000 -0.0670 0.0000 0.0000
 5.3000 -0.0683 0.0000 0.0000
 5.4000 -0.0696 0.0000 0.0000
 5.5000 -0.0708 0.0000 0.0000
 5.6000 -0.0721 0.0000 0.0000
 5.7000 -0.0734 0.0000 0.0000
 5.8000 -0.0747 0.0000 0.0000
 5.9000 -0.0760 0.0000 0.0000
 6.0000 -0.0773 0.0000 0.0000
 6.1000 -0.0786 0.0000 0.0000
 6.2000 -0.0799 0.0000 0.0000
 6.3000 -0.0811 0.0000 0.0000
 6.4000 -0.0824 0.0000 0.0000
 6.5000 -0.0837 0.0000 0.0000
 6.6000 -0.0850 0.0000 0.0000
 6.7000 -0.0863 0.0000 0.0000
 6.8000 -0.0876 0.0000 0.0000
 6.9000 -0.0889 0.0000 0.0000
 7.0000 -0.0902 0.0000 0.0000
 7.1000 -0.0915 0.0000 0.0000
 7.2000 -0.0927 0.0000 0.0000
 7.3000 -0.0940 0.0000 0.0000
 7.4000 -0.0953 0.0000 0.0000
 7.5000 -0.0966 0.0000 0.0000
 7.6000 -0.0979 0.0000 0.0000
 7.7000 -0.0992 0.0000 0.0000
 7.8000 -0.1005 0.0000 0.0000
 7.9000 -0.1018 0.0000 0.0000
 8.0000 -0.1030 0.0000 0.0000
 8.1000 -0.1043 0.0000 0.0000
 8.2000 -0.1056 0.0000 0.0000
 8.3000 -0.1069 0.0000 0.0000
 8.4000 -0.1082 0.0000 0.0000
 8.5000 -0.1095 0.0000 0.0000
 8.6000 -0.1108 0.0000 0.0000
 8.7000 -0.1121 0.0000 0.0000
 8.8000 -0.1133 0.0000 0.0000
 8.9000 -0.1146 0.0000 0.0000
 9.0000 -0.1159 0.0000 0.0000
 9.1000 -0.1172 0.0000 0.0000
 9.2000 -0.1185 0.0000 0.0000
 9.3000 -0.1198 0.0000 0.0000
 9.4000 -0.1211 0.0000 0.0000
 9.5000 -0.1224 0.0000 0.0000
 9.6000 -0.1237 0.0000 0.0000
 9.7000 -0.1249 0.0000 0.0000
 9.8000 -0.1262 0.0000 0.0000
 9.9000 -0.1275 0.0000 0.0000
 10.0000 -0.1288 0.0000 0.0000
 10.1000 -0.1301 0.0000 0.0000
 10.2000 -0.1314 0.0000 0.0000
 10.3000 -0.1327 0.0000 0.0000
 10.4000 -0.1340 0.0000 0.0000
 10.5000 -0.1352 0.0000 0.0000
 10.6000 -0.1365 0.0000 0.0000
 10.7000 -0.1378 0.0000 0.0000
 10.8000 -0.1391 0.0000 0.0000
 10.9000 -0.1404 0.0000 0.0000
 11.0000 -0.1417 0.0000 0.0000
 11.1000 -0.1430 0.0000 0.0000
 11.2000 -0.1443 0.0000 0.0000
 11.3000 -0.1456 0.0000 0.0000
 11.4000 -0.1468 0.0000 0.0000
 11.5000 -0.1481 0.0000 0.0000
 11.6000 -0.1494 0.0000 0.0000
 11.7000 -0.1507 0.0000 0.0000
 11.8000 -0.1520 0.0000 0.0000
 11.9000 -0.1533 0.0000 0.0000
 12.0000 -0.1546 0.0000 0.0000
 12.1000 -0.1559 0.0000 0.0000
 12.2000 -0.1571 0.0000 0.0000
 12.3000 -0.1584 0.0000 0.0000
 12.4000 -0.1597 0.0000 0.0000
 12.5000 -0.1610 0.0000 0.0000
 12.6000 -0.1623 0.0000 0.0000
 12.7000 -0.1636 0.0000 0.0000
 12.8000 -0.1649 0.0000 0.0000
 12.9000 -0.1662 0.0000 0.0000
 13.0000 -0.1674 0.0000 0.0000
 13.1000 -0.1687 0.0000 0.0000
 13.2000 -0.1700 0.0000 0.0000
 13.3000 -0.1713 0.0000 0.0000
 13.4000 -0.1726 0.0000 0.0000
 13.5000 -0.1739 0.0000 0.0000
 13.6000 -0.1752 0.0000 0.0000
 13.7000 -0.1765 0.0000 0.0000
 13.8000 -0.1778 0.0000 0.0000
 13.9000 -0.1790 0.0000 0.0000
 14.0000 -0.1803 0.0000 0.0000
 14.1000 -0.1816 0.0000 0.0000
 14.2000 -0.1829 0.0000 0.0000
 14.3000 -0.1842 0.0000 0.0000
 14.4000 -0.1855 0.0000 0.0000
 14.5000 -0.1868 0.0000 0.0000
 14.6000 -0.1881 0.0000 0.0000
 14.7000 -0.1893 0.0000 0.0000
 14.8000 -0.1906 0.0000 0.0000
 14.9000 -0.1919 0.0000 0.0000
 15.0000 -0.1932 0.0000 0.0000
 15.1000 -0.1945 0.0000 0.0000
 15.2000 -0.1958 0.0000 0.0000
 15.3000 -0.1971 0.0000 0.0000
 15.4000 -0.1984 0.0000 0.0000
 15.5000 -0.1996 0.0000 0.0000
 15.6000 -0.2009 0.0000 0.0000
 15.7000 -0.2022 0.0000 0.0000
 15.8000 -0.2035 0.0000 0.0000
 15.9000 -0.2048 0.0000 0.0000
 16.0000 -0.2061 0.0000 0.0000
 16.1000 -0.2074 0.0000 0.0000
 16.2000 -0.2087 0.0000 0.0000
 16.3000 -0.2100 0.0000 0.0000
 16.4000 -0.2112 0.0000 0.0000
 16.5000 -0.2125 0.0000 0.0000
 16.6000 -0.2138 0.0000 0.0000
 16.7000 -0.2151 0.0000 0.0000
 16.8000 -0.2164 0.0000 0.0000
 16.9000 -0.2177 0.0000 0.0000
 17.0000 -0.2190 0.0000 0.0000
 17.1000 -0.2203 0.0000 0.0000
 17.2000 -0.2215 0.0000 0.0000
 17.3000 -0.2228 0.0000 0.0000
 17.4000 -0.2241 0.0000 0.0000
 17.5000 -0.2254 0.0000 0.0000
 17.6000 -0.2267 0.0000 0.0000
 17.7000 -0.2280 0.0000 0.0000
 17.8000 -0.2293 0.0000 0.0000
 17.9000 -0.2306 0.0000 0.0000
 18.0000 -0.2318 0.0000 0.0000
 18.1000 -0.2331 0.0000 0.0000
 18.2000 -0.2344 0.0000 0.0000
 18.3000 -0.2357 0.0000 0.0000
 18.4000 -0.2370 0.0000 0.0000
 18.5000 -0.2383 0.0000 0.0000
 18.6000 -0.2396 0.0000 0.0000
 18.7000 -0.2409 0.0000 0.0000
 18.8000 -0.2422 0.0000 0.0000
 18.9000 -0.2434 0.0000 0.0000
 19.0000 -0.2447 0.0000 0.0000
 19.1000 -0.2460 0.0000 0.0000
 19.2000 -0.2473 0.0000 0.0000
 19.3000 -0.2486 0.0000 0.0000
 19.4000 -0.2499 0.0000 0.0000
 19.5000 -0.2512 0.0000 0.0000
 19.6000 -0.2525 0.0000 0.0000
 19.7000 -0.2537 0.0000 0.0000
 19.8000 -0.2550 0.0000 0.0000
 19.9000 -0.2563 0.0000 0.0000
 20.0000 -0.2576 0.0000 0.0000
 20.1000 -0.2589 0.0000 0.0000
 20.2000 -0.2602 0.0000 0.0000
 20.3000 -0.2615 0.0000 0.0000
 20.4000 -0.2628 0.0000 0.0000
 20.5000 -0.2641 0.0000 0.0000
 20.6000 -0.2653 0.0000 0.0000
 20.7000 -0.2666 0.0000 0.0000
 20.8000 -0.2679 0.0000 0.0000
 20.9000 -0.2692 0.0000 0.0000
 21.0000 -0.2705 0.0000 0.0000
 21.1000 -0.2718 0.0000 0.0000
 21.2000 -0.2731 0.0000 0.0000
 21.3000 -0.2744 0.0000 0.0000
 21.4000 -0.2756 0.0000 0.0000
 21.5000 -0.2769 0.0000 0.0000
 21.6000 -0.2782 0.0000 0.0000
 21.7000 -0.2795 0.0000 0.0000
 21.8000 -0.2808 0.0000 0.0000
 21.9000 -0.2821 0.0000 0.0000
 22.0000 -0.2834 0.0000 0.0000
 22.1000 -0.2847 0.0000 0.0000
 22.2000 -0.2859 0.0000 0.0000
 22.3000 -0.2872 0.0000 0.0000
 22.4000 -0.2885 0.0000 0.0000
 22.5000 -0.2898 0.0000 0.0000
 22.6000 -0.2911 0.0000 0.0000
 22.7000 -0.2924 0.0000 0.0000
 22.8000 -0.2937 0.0000 0.0000
 22.9000 -0.2950 0.0000 0.0000
 23.0000 -0.2963 0.0000 0.0000
 23.1000 -0.2975 0.0000 0.0000
 23.2000 -0.2988 0.0000 0.0000
 23.3000 -0.3001 0.0000 0.0000
 23.4000 -0.3014 0.0000 0.0000
 23.5000 -0.3027 0.0000 0.0000
 23.6000 -0.3040 0.0000 0.0000
 23.7000 -0.3053 0.0000 0.0000
 23.8000 -0.3066 0.0000 0.0000
 23.9000 -0.3078 0.0000 0.0000
 24.0000 -0.3091 0.0000 0.0000
 24.1000 -0.3104 0.0000 0.0000
 24.2000 -0.3117 0.0000 0.0000
 24.3000 -0.3130 0.0000 0.0000
 24.4000 -0.3143 0.0000 0.0000
 24.5000 -0.3156 0.0000 0.0000
 24.6000 -0.3169 0.0000 0.0000
 24.7000 -0.3181 0.0000 0.0000
 24.8000 -0.3194 0.0000 0.0000
 24.9000 -0.3207 0.0000 0.0000
 25.0000 -0.3220 0.0000 0.0000
 25.1000 -0.3233 0.0000 0.0000
 25.2000 -0.3246 0.0000 0.0000
 25.3000 -0.3259 0.0000 0.0000
 25.4000 -0.3272 0.0000 0.0000
 25.5000 -0.3285 0.0000 0.0000
 25.6000 -0.3297 0.0000 0.0000
 25.7000 -0.3310 0.0000 0.0000
 25.8000 -0.3323 0.0000 0.0000
 25.9000 -0.3336 0.0000 0.0000
 26.0000 -0.3349 0.0000 0.0000
 26.1000 -0.3362 0.0000 0.0000
 26.2000 -0.3375 0.0000 0.0000
 26.3000 -0.3388 0.0000 0.0000
 26.4000 -0.3400 0.0000 0.0000
 26.5000 -0.3413 0.0000 0.0000
 26.6000 -0.3426 0.0000 0.0000
 26.7000 -0.3439 0.0000 0.0000
 26.8000 -0.3452 0.0000 0.0000
 26.9000 -0.3465 0.0000 0.0000
 27.0000 -0.3478 0.0000 0.0000
 27.1000 -0.3491 0.0000 0.0000
 27.2000 -0.3504 0.0000 0.0000
 27.3000 -0.3516 0.0000 0.0000
 27.4000 -0.3529 0.0000 0.0000
 27.5000 -0.3542 0.0000 0.0000
 27.6000 -0.3555 0.0000 0.0000
 27.7000 -0.3568 0.0000 0.0000
 27.8000 -0.3581 0.0000 0.0000
 27.9000 -0.3594 0.0000 0.0000
 28.0000 -0.3607 0.0000 0.0000
 28.1000 -0.3619 0.0000 0.0000
 28.2000 -0.3632 0.0000 0.0000
 28.3000 -0.3645 0.0000 0.0000
 28.4000 -0.3658 0.0000 0.0000
 28.5000 -0.3671 0.0000 0.0000
 28.6000 -0.3684 0.0000 0.0000
 28.7000 -0.3697 0.0000 0.0000
 28.8000 -0.3710 0.0000 0.0000
 28.9000 -0.3722 0.0000 0.0000
 29.0000 -0.3735 0.0000 0.0000
 29.1000 -0.3748 0.0000 0.0000
 29.2000 -0.3761 0.0000 0.0000
 29.3000 -0.3774 0.0000 0.0000
 29.4000 -0.3787 0.0000 0.0000
 29.5000 -0.3800 0.0000 0.0000
 29.6000 -0.3813 0.0000 0.0000
 29.7000 -0.3826 0.0000 0.0000
 29.8000 -0.3838 0.0000 0.0000
 29.9000 -0.3851 0.0000 0.0000
 30.0000 -0.3864 0.0000 0.0000
 30.1000 -0.3877 0.0000 0.0000
 30.2000 -0.3890 0.0000 0.0000
 30.3000 -0.3903 0.0000 0.0000
 30.4000 -0.3916 0.0000 0.0000
 30.5000 -0.3929 0.0000 0.0000
 30.6000 -0.3941 0.0000 0.0000
 30.7000 -0.3954 0.0000 0.0000
 30.8000 -0.3967 0.0000 0.0000
 30.9000 -0.3980 0.0000 0.0000
 31.0000 -0.3993 0.0000 0.0000
 31.1000 -0.4006 0.0000 0.0000
 31.2000 -0.4019 0.0000 0.0000
 31.3000 -0.4032 0.0000 0.0000
 31.4000 -0.4044 0.0000 0.0000
 31.5000 -0.4057 0.0000 0.0000
 31.6000 -0.4070 0.0000 0.0000
 31.7000 -0.4083 0.0000 0.0000
 31.8000 -0.4096 0.0000 0.0000
 31.9000 -0.4109 0.0000 0.0000
 32.0000 -0.4122 0.0000 0.0000
 32.1000 -0.4135 0.0000 0.0000
 32.2000 -0.4148 0.0000 0.0000
 32.3000 -0.4160 0.0000 0.0000
 32.4000 -0.4173 0.0000 0.0000
 32.5000 -0.4186 0.0000 0.0000
 32.6000 -0.4199 0.0000 0.0000
 32.7000 -0.4212 0.0000 0.0000
 32.8000 -0.4225 0.0000 0.0000
 32.9000 -0.4238 0.0000 0.0000
 33.0000 -0.4251 0.0000 0.0000
 33.1000 -0.4263 0.0000 0.0000
 33.2000 -0.4276 0.0000 0.0000
 33.3000 -0.4289 0.0000 0.0000
 33.4000 -0.4302 0.0000 0.0000
 33.5000 -0.4315 0.0000 0.0000
 33.6000 -0.4328 0.0000 0.0000
 33.7000 -0.4341 0.0000 0.0000
 33.8000 -0.4354 0.0000 0.0000
 33.9000 -0.4367 0.0000 0.0000
 34.0000 -0.4379 0.0000 0.0000
 34.1000 -0.4392 0.0000 0.0000
 34.2000 -0.4405 0.0000 0.0000
 34.3000 -0.4418 0.0000 0.0000
 34.4000 -0.4431 0.0000 0.0000
 34.5000 -0.4444 0.0000 0.0000
 34.6000 -0.4457 0.0000 0.0000
 34.7000 -0.4470 0.0000 0.0000
 34.8000 -0.4482 0.0000 0.0000
 34.9000 -0.4495 0.0000 0.0000
 35.0000 -0.4508 0.0000 0.0000
 35.1000 -0.4521 0.0000 0.0000
 35.2000 -0.4534 0.0000 0.0000
 35.3000 -0.4547 0.0000 0.0000
 35.4000 -0.4560 0.0000 0.0000
 35.5000 -0.4573 0.0000 0.0000
 35.6000 -0.4585 0.0000 0.0000
 35.7000 -0.4598 0.0000 0.0000
 35.8000 -0.4611 0.0000 0.0000
 35.9000 -0.4624 0.0000 0.0000
 36.0000 -0.4637 0.0000 0.0000
 36.1000 -0.4650 0.0000 0.0000
 36.2000 -0.4663 0.0000 0.0000
 36.3000 -0.4676 0.0000 0.0000
 36.4000 -0.4689 0.0000 0.0000
 36.5000 -0.4701 0.0000 0.0000
 36.6000 -0.4714 0.0000 0.0000
 36.7000 -0.4727 0.0000 0.0000
 36.8000 -0.4740 0.0000 0.0000
 36.9000 -0.4753 0.0000 0.0000
 37.0000 -0.4766 0.0000 0.0000
 37.1000 -0.4779 0.0000 0.0000
 37.2000 -0.4792 0.0000 0.0000
 37.3000 -0.4804 0.0000 0.0000
 37.4000 -0.4817 0.0000 0.0000
 37.5000 -0.4830 0.0000 0.0000
 37.6000 -0.4843 0.0000 0.0000
 37.7000 -0.4856 0.0000 0.0000
 37.8000 -0.4869 0.0000 0.0000
 37.9000 -0.4882 0.0000 0.0000
 38.0000 -0.4895 0.0000 0.0000
 38.1000 -0.4907 0.0000 0.0000
 38.2000 -0.4920 0.0000 0.0000
 38.3000 -0.4933 0.0000 0.0000
 38.4000 -0.4946 0.0000 0.0000
 38.5000 -0.4959 0.0000 0.0000
 38.6000 -0.4972 0.0000 0.0000
 38.7000 -0.4985 0.0000 0.0000
 38.8000 -0.4998 0.0000 0.0000
 38.9000 -0.5011 0.0000 0.0000
 39.0000 -0.5023 0.0000 0.0000
 39.1000 -0.5036 0.0000 0.0000
 39.2000 -0.5049 0.0000 0.0000
 39.3000 -0.5062 0.0000 0.0000
 39.4000 -0.5075 0.0000 0.0000
 39.5000 -0.5088 0.0000 0.0000
 0.0000 0.2250 -1.2750 0.0000
 0.1000 0.2237 -1.2750 0.0000
 0.2000 0.2224 -1.2750 0.0000
 0.3000 0.2211 -1.2750 0.0000
 0.4000 0.2198 -1.2750 0.0000
 0.5000 0.2186 -1.2750 0.0000
 0.6000 0.2173 -1.2750 0.0000
 0.7000 0.2160 -1.2750 0.0000
 0.8000 0.2147 -1.2750 0.0000
 0.9000 0.2134 -1.2750 0.0000
 1.0000 0.2121 -1.2750 0.0000
 1.1000 0.2108 -1.2750 0.0000
 1.2000 0.2095 -1.2750 0.0000
 1.3000 0.2083 -1.2750 0.0000
 1.4000 0.2070 -1.2750 0.0000
 1.5000 0.2057 -1.2750 0.0000
 1.6000 0.2044 -1.2750 0.0000
 1.7000 0.2031 -1.2750 0.0000
 1.8000 0.2018 -1.2750 0.0000
 1.9000 0.2005 -1.2750 0.0000
 2.0000 0.1992 -1.2750 0.0000
 2.1000 0.1980 -1.2750 0.0000
 2.2000 0.1967 -1.2750 0.0000
 2.3000 0.1954 -1.2750 0.0000
 2.4000 0.1941 -1.2750 0.0000
 2.5000 0.1928 -1.2750 0.0000
 2.6000 0.1915 -1.2750 0.0000
 2.7000 0.1902 -1.2750 0.0000
 2.8000 0.1889 -1.2750 0.0000
 2.9000 0.1876 -1.2750 0.0000
 3.0000 0.1864 -1.2750 0.0000
 3.1000 0.1851 -1.2750 0.0000
 3.2000 0.1838 -1.2750 0.0000
 3.3000 0.1825 -1.2750 0.0000
 3.4000 0.1812 -1.2750 0.0000
 3.5000 0.1799 -1.2750 0.0000
 3.6000 0.1786 -1.2750 0.0000
 3.7000 0.1773 -1.2750 0.0000
 3.8000 0.1761 -1.2750 0.0000
 3.9000 0.1748 -1.2750 0.0000
 4.0000 0.1735 -1.2750 0.0000
 4.1000 0.1722 -1.2750 0.0000
 4.2000 0.1709 -1.2750 0.0000
 4.3000 0.1696 -1.2750 0.0000
 4.4000 0.1683 -1.2750 0.0000
 4.5000 0.1670 -1.2750 0.0000
 4.6000 0.1657 -1.2750 0.0000
 4.7000 0.1645 -1.2750 0.0000
 4.8000 0.1632 -1.2750 0.0000
 4.9000 0.1619 -1.2750 0.0000
 5.0000 0.1606 -1.2750 0.0000
 5.1000 0.1593 -1.2750 0.0000
 5.2000 0.1580 -1.2750 0.0000
 5.3000 0.1567 -1.2750 0.0000
 5.4000 0.1554 -1.2750 0.0000
 5.5000 0.1542 -1.2750 0.0000
 5.6000 0.1529 -1.2750 0.0000
 5.7000 0.1516 -1.2750 0.0000
 5.8000 0.1503 -1.2750 0.0000
 5.9000 0.1490 -1.2750 0.0000
 6.0000 0.1477 -1.2750 0.0000
 6.1000 0.1464 -1.2750 0.0000
 6.2000 0.1451 -1.2750 0.0000
 6.3000 0.1439 -1.2750 0.0000
 6.4000 0.1426 -1.2750 0.0000
 6.5000 0.1413 -1.2750 0.0000
 6.6000 0.1400 -1.2750 0.0000
 6.7000 0.1387 -1.2750 0.0000
 6.8000 0.1374 -1.2750 0.0000
 6.9000 0.1361 -1.2750 0.0000
 7.0000 0.1348 -1.2750 0.0000
 7.1000 0.1335 -1.2750 0.0000
 7.2000 0.1323 -1.2750 0.0000
 7.3000 0.1310 -1.2750 0.0000
 7.4000 0.1297 -1.2750 0.0000
 7.5000 0.1284 -1.2750 0.0000
 7.6000 0.1271 -1.2750 0.0000
 7.7000 0.1258 -1.2750 0.0000
 7.8000 0.1245 -1.2750 0.0000
 7.9000 0.1232 -1.2750 0.0000
 8.0000 0.1220 -1.2750 0.0000
 8.1000 0.1207 -1.2750 0.0000
 8.2000 0.1194 -1.2750 0.0000
 8.3000 0.1181 -1.2750 0.0000
 8.4000 0.1168 -1.2750 0.0000
 8.5000 0.1155 -1.2750 0.0000
 8.6000 0.1142 -1.2750 0.0000
 8.7000 0.1129 -1.2750 0.0000
 8.8000 0.1117 -1.2750 0.0000
 8.9000 0.1104 -1.2750 0.0000
 9.0000 0.1091 -1.2750 0.0000
 9.1000 0.1078 -1.2750 0.0000
 9.2000 0.1065 -1.2750 0.0000
 9.3000 0.1052 -1.2750 0.0000
 9.4000 0.1039 -1.2750 0.0000
 9.5000 0.1026 -1.2750 0.0000
 9.6000 0.1013 -1.2750 0.0000
 9.7000 0.1001 -1.2750 0.0000
 9.8000 0.0988 -1.2750 0.0000
 9.9000 0.0975 -1.2750 0.0000
 10.0000 0.0962 -1.2750 0.0000
 10.1000 0.0949 -1.2750 0.0000
 10.2000 0.0936 -1.2750 0.0000
 10.3000 0.0923 -1.2750 0.0000
 10.4000 0.0910 -1.2750 0.0000
 10.5000 0.0898 -1.2750 0.0000
 10.6000 0.0885 -1.2750 0.0000
 10.7000 0.0872 -1.2750 0.0000
 10.8000 0.0859 -1.2750 0.0000
 10.9000 0.0846 -1.2750 0.0000
 11.0000 0.0833 -1.2750 0.0000
 11.1000 0.0820 -1.2750 0.0000
 11.2000 0.0807 -1.2750 0.0000
 11.3000 0.0794 -1.2750 0.0000
 11.4000 0.0782 -1.2750 0.0000
 11.5000 0.0769 -1.2750 0.0000
 11.6000 0.0756 -1.2750 0.0000
 11.7000 0.0743 -1.2750 0.0000
 11.8000 0.0730 -1.2750 0.0000
 11.9000 0.0717 -1.2750 0.0000
 12.0000 0.0704 -1.2750 0.0000
 12.1000 0.0691 -1.2750 0.0000
 12.2000 0.0679 -1.2750 0.0000
 12.3000 0.0666 -1.2750 0.0000
 12.4000 0.0653 -1.2750 0.0000
 12.5000 0.0640 -1.2750 0.0000
 12.6000 0.0627 -1.2750 0.0000
 12.7000 0.0614 -1.2750 0.0000
 12.8000 0.0601 -1.2750 0.0000
 12.9000 0.0588 -1.2750 0.0000
 13.0000 0.0576 -1.2750 0.0000
 13.1000 0.0563 -1.2750 0.0000
 13.2000 0.0550 -1.2750 0.0000
 13.3000 0.0537 -1.2750 0.0000
 13.4000 0.0524 -1.2750 0.0000
 13.5000 0.0511 -1.2750 0.0000
 13.6000 0.0498 -1.2750 0.0000
 13.7000 0.0485 -1.2750 0.0000
 13.8000 0.0472 -1.2750 0.0000
 13.9000 0.0460 -1.2750 0.0000
 14.0000 0.0447 -1.2750 0.0000
 14.1000 0.0434 -1.2750 0.0000
 14.2000 0.0421 -1.2750 0.0000
 14.3000 0.0408 -1.2750 0.0000
 14.4000 0.0395 -1.2750 0.0000
 14.5000 0.0382 -1.2750 0.0000
 14.6000 0.0369 -1.2750 0.0000
 14.7000 0.0357 -1.2750 0.0000
 14.8000 0.0344 -1.2750 0.0000
 14.9000 0.0331 -1.2750 0.0000
 15.0000 0.0318 -1.2750 0.0000
 15.1000 0.0305 -1.2750 0.0000
 15.2000 0.0292 -1.2750 0.0000
 15.3000 0.0279 -1.2750 0.0000
 15.4000 0.0266 -1.2750 0.0000
 15.5000 0.0254 -1.2750 0.0000
 15.6000 0.0241 -1.2750 0.0000
 15.7000 0.0228 -1.2750 0.0000
 15.8000 0.0215 -1.2750 0.0000
 15.9000 0.0202 -1.2750 0.0000
 16.0000 0.0189 -1.2750 0.0000
 16.1000 0.0176 -1.2750 0.0000
 16.2000 0.0163 -1.2750 0.0000
 16.3000 0.0150 -1.2750 0.0000
 16.4000 0.0138 -1.2750 0.0000
 16.5000 0.0125 -1.2750 0.0000
 16.6000 0.0112 -1.2750 0.0000
 16.7000 0.0099 -1.2750 0.0000
 16.8000 0.0086 -1.2750 0.0000
 16.9000 0.0073 -1.2750 0.0000
 17.0000 0.0060 -1.2750 0.0000
 17.1000 0.0047 -1.2750 0.0000
 17.2000 0.0035 -1.2750 0.0000
 17.3000 0.0022 -1.2750 0.0000
 17.4000 0.0009 -1.2750 0.0000
 17.5000 -0.0004 -1.2750 0.0000
 17.6000 -0.0017 -1.2750 0.0000
 17.7000 -0.0030 -1.2750 0.0000
 17.8000 -0.0043 -1.2750 0.0000
 17.9000 -0.0056 -1.2750 0.0000
 18.0000 -0.0068 -1.2750 0.0000
 18.1000 -0.0081 -1.2750 0.0000
 18.2000 -0.0094 -1.2750 0.0000
 18.3000 -0.0107 -1.2750 0.0000
 18.4000 -0.0120 -1.2750 0.0000
 18.5000 -0.0133 -1.2750 0.0000
 18.6000 -0.0146 -1.2750 0.0000
 18.7000 -0.0159 -1.2750 0.0000
 18.8000 -0.0172 -1.2750 0.0000
 18.9000 -0.0184 -1.2750 0.0000
 19.0000 -0.0197 -1.2750 0.0000
 19.1000 -0.0210 -1.2750 0.0000
 19.2000 -0.0223 -1.2750 0.0000
 19.3000 -0.0236 -1.2750 0.0000
 19.4000 -0.0249 -1.2750 0.0000
 19.5000 -0.0262 -1.2750 0.0000
 19.6000 -0.0275 -1.2750 0.0000
 19.7000 -0.0287 -1.2750 0.0000
 19.8000 -0.0300 -1.2750 0.0000
 19.9000 -0.0313 -1.2750 0.0000
 20.0000 -0.0326 -1.2750 0.0000
 20.1000 -0.0339 -1.2750 0.0000
 20.2000 -0.0352 -1.2750 0.0000
 20.3000 -0.0365 -1.2750 0.0000
 20.4000 -0.0378 -1.2750 0.0000
 20.5000 -0.0391 -1.2750 0.0000
 20.6000 -0.0403 -1.2750 0.0000
 20.7000 -0.0416 -1.2750 0.0000
 20.8000 -0.0429 -1.2750 0.0000
 20.9000 -0.0442 -1.2750 0.0000
 21.0000 -0.0455 -1.2750 0.0000
 21.1000 -0.0468 -1.2750 0.0000
 21.2000 -0.0481 -1.2750 0.0000
 21.3000 -0.0494 -1.2750 0.0000
 21.4000 -0.0506 -1.2750 0.0000
 21.5000 -0.0519 -1.2750 0.0000
 21.6000 -0.0532 -1.2750 0.0000
 21.7000 -0.0545 -1.2750 0.0000
 21.8000 -0.0558 -1.2750 0.0000
 21.9000 -0.0571 -1.2750 0.0000
 22.0000 -0.0584 -1.2750 0.0000
 22.1000 -0.0597 -1.2750 0.0000
 22.2000 -0.0609 -1.2750 0.0000
 22.3000 -0.0622 -1.2750 0.0000
 22.4000 -0.0635 -1.2750 0.0000
 22.5000 -0.0648 -1.2750 0.0000
 22.6000 -0.0661 -1.2750 0.0000
 22.7000 -0.0674 -1.2750 0.0000
 22.8000 -0.0687 -1.2750 0.0000
 22.9000 -0.0700 -1.2750 0.0000
 23.0000 -0.0713 -1.2750 0.0000
 23.1000 -0.0725 -1.2750 0.0000
 23.2000 -0.0738 -1.2750 0.0000
 23.3000 -0.0751 -1.2750 0.0000
 23.4000 -0.0764 -1.2750 0.0000
 23.5000 -0.0777 -1.2750 0.0000
 23.6000 -0.0790 -1.2750 0.0000
 23.7000 -0.0803 -1.2750 0.0000
 23.8000 -0.0816 -1.2750 0.0000
 23.9000 -0.0828 -1.2750 0.0000
 24.0000 -0.0841 -1.2750 0.0000
 24.1000 -0.0854 -1.2750 0.0000
 24.2000 -0.0867 -1.2750 0.0000
 24.3000 -0.0880 -1.2750 0.0000
 24.4000 -0.0893 -1.2750 0.0000
 24.5000 -0.0906 -1.2750 0.0000
 24.6000 -0.0919 -1.2750 0.0000
 24.7000 -0.0931 -1.2750 0.0000
 24.8000 -0.0944 -1.2750 0.0000
 24.9000 -0.0957 -1.2750 0.0000
 25.0000 -0.0970 -1.2750 0.0000
 25.1000 -0.0983 -1.2750 0.0000
 25.2000 -0.0996 -1.2750 0.0000
 25.3000 -0.1009 -1.2750 0.0000
 25.4000 -0.1022 -1.2750 0.0000
 25.5000 -0.1035 -1.2750 0.0000
 25.6000 -0.1047 -1.2750 0.0000
 25.7000 -0.1060 -1.2750 0.0000
 25.8000 -0.1073 -1.2750 0.0000
 25.9000 -0.1086 -1.2750 0.0000
 26.0000 -0.1099 -1.2750 0.0000
 26.1000 -0.1112 -1.2750 0.0000
 26.2000 -0.1125 -1.2750 0.0000
 26.3000 -0.1138 -1.2750 0.0000
 26.4000 -0.1150 -1.2750 0.0000
 26.5000 -0.1163 -1.2750 0.0000
 26.6000 -0.1176 -1.2750 0.0000
 26.7000 -0.1189 -1.2750 0.0000
 26.8000 -0.1202 -1.2750 0.0000
 26.9000 -0.1215 -1.2750 0.0000
 27.0000 -0.1228 -1.2750 0.0000
 27.1000 -0.1241 -1.2750 0.0000
 27.2000 -0.1254 -1.2750 0.0000
 27.3000 -0.1266 -1.2750 0.0000
 27.4000 -0.1279 -1.2750 0.0000
 27.5000 -0.1292 -1.2750 0.0000
 27.6000 -0.1305 -1.2750 0.0000
 27.7000 -0.1318 -1.2750 0.0000
 27.8000 -0.1331 -1.2750 0.0000
 27.9000 -0.1344 -1.2750 0.0000
 28.0000 -0.1357 -1.2750 0.0000
 28.1000 -0.1369 -1.2750 0.0000
 28.2000 -0.1382 -1.2750 0.0000
 28.3000 -0.1395 -1.2750 0.0000
 28.4000 -0.1408 -1.2750 0.0000
 28.5000 -0.1421 -1.2750 0.0000
 28.6000 -0.1434 -1.2750 0.0000
 28.7000 -0.1447 -1.2750 0.0000
 28.8000 -0.1460 -1.2750 0.0000
 28.9000 -0.1472 -1.2750 0.0000
 29.0000 -0.1485 -1.2750 0.0000
 29.1000 -0.1498 -1.2750 0.0000
 29.2000 -0.1511 -1.2750 0.0000
 29.3000 -0.1524 -1.2750 0.0000
 29.4000 -0.1537 -1.2750 0.0000
 29.5000 -0.1550 -1.2750 0.0000
 29.6000 -0.1563 -1.2750 0.0000
 29.7000 -0.1576 -1.2750 0.0000
 29.8000 -0.1588 -1.2750 0.0000
 29.9000 -0.1601 -1.2750 0.0000
 30.0000 -0.1614 -1.2750 0.0000
 30.1000 -0.1627 -1.2750 0.0000
 30.2000 -0.1640 -1.2750 0.0000
 30.3000 -0.1653 -1.2750 0.0000
 30.4000 -0.1666 -1.2750 0.0000
 30.5000 -0.1679 -1.2750 0.0000
 30.6000 -0.1691 -1.2750 0.0000
 30.7000 -0.1704 -1.2750 0.0000
 30.8000 -0.1717 -1.2750 0.0000
 30.9000 -0.1730 -1.2750 0.0000
 31.0000 -0.1743 -1.2750 0.0000
 31.1000 -0.1756 -1.2750 0.0000
 31.2000 -0.1769 -1.2750 0.0000
 31.3000 -0.1782 -1.2750 0.0000
 31.4000 -0.1794 -1.2750 0.0000
 31.5000 -0.1807 -1.2750 0.0000
 31.6000 -0.1820 -1.2750 0.0000
 31.7000 -0.1833 -1.2750 0.0000
 31.8000 -0.1846 -1.2750 0.0000
 31.9000 -0.1859 -1.2750 0.0000
 32.0000 -0.1872 -1.2750 0.0000
 32.1000 -0.1885 -1.2750 0.0000
 32.2000 -0.1898 -1.2750 0.0000
 32.3000 -0.1910 -1.2750 0.0000
 32.4000 -0.1923 -1.2750 0.0000
 32.5000 -0.1936 -1.2750 0.0000
 32.6000 -0.1949 -1.2750 0.0000
 32.7000 -0.1962 -1.2750 0.0000
 32.8000 -0.1975 -1.2750 0.0000
 32.9000 -0.1988 -1.2750 0.0000
 33.0000 -0.2001 -1.2750 0.0000
 33.1000 -0.2013 -1.2750 0.0000
 33.2000 -0.2026 -1.2750 0.0000
 33.3000 -0.2039 -1.2750 0.0000
 33.4000 -0.2052 -1.2750 0.0000
 33.5000 -0.2065 -1.2750 0.0000
 33.6000 -0.2078 -1.2750 0.0000
 33.7000 -0.2091 -1.2750 0.0000
 33.8000 -0.2104 -1.2750 0.0000
 33.9000 -0.2117 -1.2750 0.0000
 34.0000 -0.2129 -1.2750 0.0000
 34.1000 -0.2142 -1.2750 0.0000
 34.2000 -0.2155 -1.2750 0.0000
 34.3000 -0.2168 -1.2750 0.0000
 34.4000 -0.2181 -1.2750 0.0000
 34.5000 -0.2194 -1.2750 0.0000
 34.6000 -0.2207 -1.2750 0.0000
 34.7000 -0.2220 -1.2750 0.0000
 34.8000 -0.2232 -1.2750 0.0000
 34.9000 -0.2245 -1.2750 0.0000
 35.0000 -0.2258 -1.2750 0.0000
 35.1000 -0.2271 -1.2750 0.0000
 35.2000 -0.2284 -1.2750 0.0000
 35.3000 -0.2297 -1.2750 0.0000
 35.4000 -0.2310 -1.2750 0.0000
 35.5000 -0.2323 -1.2750 0.0000
 35.6000 -0.2335 -1.2750 0.0000
 35.7000 -0.2348 -1.2750 0.0000
 35.8000 -0.2361 -1.2750 0.0000
 35.9000 -0.2374 -1.2750 0.0000
 36.0000 -0.2387 -1.2750 0.0000
 36.1000 -0.2400 -1.2750 0.0000
 36.2000 -0.2413 -1.2750 0.0000
 36.3000 -0.2426 -1.2750 0.0000
 36.4000 -0.2439 -1.2750 0.0000
 36.5000 -0.2451 -1.2750 0.0000
 36.6000 -0.2464 -1.2750 0.0000
 36.7000 -0.2477 -1.2750 0.0000
 36.8000 -0.2490 -1.2750 0.0000
 36.9000 -0.2503 -1.2750 0.0000
 37.0000 -0.2516 -1.2750 0.0000
 37.1000 -0.2529 -1.2750 0.0000
 37.2000 -0.2542 -1.2750 0.0000
 37.3000 -0.2554 -1.2750 0.0000
 37.4000 -0.2567 -1.2750 0.0000
 37.5000 -0.2580 -1.2750 0.0000
 37.6000 -0.2593 -1.2750 0.0000
 37.7000 -0.2606 -1.2750 0.0000
 37.8000 -0.2619 -1.2750 0.0000
 37.9000 -0.2632 -1.2750 0.0000
 38.0000 -0.2645 -1.2750 0.0000
 38.1000 -0.2657 -1.2750 0.0000
 38.2000 -0.2670 -1.2750 0.0000
 38.3000 -0.2683 -1.2750 0.0000
 38.4000 -0.2696 -1.2750 0.0000
 38.5000 -0.2709 -1.2750 0.0000
 38.6000 -0.2722 -1.2750 0.0000
 38.7000 -0.2735 -1.2750 0.0000
 38.8000 -0.2748 -1.2750 0.0000
 38.9000 -0.2761 -1.2750 0.0000
 39.0000 -0.2773 -1.2750 0.0000
 39.1000 -0.2786 -1.2750 0.0000
 39.2000 -0.2799 -1.2750 0.0000
 39.3000 -0.2812 -1.2750 0.0000
 39.4000 -0.2825 -1.2750 0.0000
 39.5000 -0.2838 -1.2750 0.0000
 39.6000 -0.2851 -1.2750 0.0000
 39.7000 -0.2864 -1.2750 0.0000
 39.8000 -0.2876 -1.2750 0.0000
 39.9000 -0.2889 -1.2750 0.0000
 40.0000 -0.2902 -1.2750 0.0000
 40.1000 -0.2915 -1.2750 0.0000
 40.2000 -0.2928 -1.2750 0.0000
 40.3000 -0.2941 -1.2750 0.0000
 40.4000 -0.2954 -1.2750 0.0000
 40.5000 -0.2967 -1.2750 0.0000
 40.6000 -0.2980 -1.2750 0.0000
 40.7000 -0.2992 -1.2750 0.0000
 40.8000 -0.3005 -1.2750 0.0000
 40.9000 -0.3018 -1.2750 0.0000
 41.0000 -0.3031 -1.2750 0.0000
 41.1000 -0.3044 -1.2750 0.0000
 41.2000 -0.3057 -1.2750 0.0000
 41.3000 -0.3070 -1.2750 0.0000
 41.4000 -0.3083 -1.2750 0.0000
 41.5000 -0.3095 -1.2750 0.0000
 41.6000 -0.3108 -1.2750 0.0000
 41.7000 -0.3121 -1.2750 0.0000
 41.8000 -0.3134 -1.2750 0.0000
 41.9000 -0.3147 -1.2750 0.0000
 42.0000 -0.3160 -1.2750 0.0000
 42.1000 -0.3173 -1.2750 0.0000
 42.2000 -0.3186 -1.2750 0.0000
 42.3000 -0.3198 -1.2750 0.0000
 42.4000 -0.3211 -1.2750 0.0000
 42.5000 -0.3224 -1.2750 0.0000
 42.6000 -0.3237 -1.2750 0.0000
 42.7000 -0.3250 -1.2750 0.0000
 42.8000 -0.3263 -1.2750 0.0000
 42.9000 -0.3276 -1.2750 0.0000
 43.0000 -0.3289 -1.2750 0.0000
 43.1000 -0.3302 -1.2750 0.0000
 43.2000 -0.3314 -1.2750 0.0000
 43.3000 -0.3327 -1.2750 0.0000
 43.4000 -0.3340 -1.2750 0.0000
 43.5000 -0.3353 -1.2750 0.0000
 43.6000 -0.3366 -1.2750 0.0000
 43.7000 -0.3379 -1.2750 0.0000
 43.8000 -0.3392 -1.2750 0.0000
 43.9000 -0.3405 -1.2750 0.0000
 44.0000 -0.3417 -1.2750 0.0000
 44.1000 -0.3430 -1.2750 0.0000
 44.2000 -0.3443 -1.2750 0.0000
 44.3000 -0.3456 -1.2750 0.0000
 44.4000 -0.3469 -1.2750 0.0000
 44.5000 -0.3482 -1.2750 0.0000
 44.6000 -0.3495 -1.2750 0.0000
 44.7000 -0.3508 -1.2750 0.0000
 44.8000 -0.3520 -1.2750 0.0000
 44.9000 -0.3533 -1.2750 0.0000
 45.0000 -0.3546 -1.2750 0.0000
 45.1000 -0.3559 -1.2750 0.0000
 45.2000 -0.3572 -1.2750 0.0000
 45.3000 -0.3585 -1.2750 0.0000
 45.4000 -0.3598 -1.2750 0.0000
 45.5000 -0.3611 -1.2750 0.0000
 45.6000 -0.3624 -1.2750 0.0000
 45.7000 -0.3636 -1.2750 0.0000
 45.8000 -0.3649 -1.2750 0.0000
 45.9000 -0.3662 -1.2750 0.0000
 46.0000 -0.3675 -1.2750 0.0000
 46.1000 -0.3688 -1.2750 0.0000
 46.2000 -0.3701 -1.2750 0.0000
 46.3000 -0.3714 -1.2750 0.0000
 46.4000 -0.3727 -1.2750 0.0000
 46.5000 -0.3739 -1.2750 0.0000
 46.6000 -0.3752 -1.2750 0.0000
 46.7000 -0.3765 -1.2750 0.0000
 46.8000 -0.3778 -1.2750 0.0000
 46.9000 -0.3791 -1.2750 0.0000
 47.0000 -0.3804 -1.2750 0.0000
 47.1000 -0.3817 -1.2750 0.0000
 47.2000 -0.3830 -1.2750 0.0000
 47.3000 -0.3843 -1.2750 0.0000
 47.4000 -0.3855 -1.2750 0.0000
 47.5000 -0.3868 -1.2750 0.0000
 47.6000 -0.3881 -1.2750 0.0000
 47.7000 -0.3894 -1.2750 0.0000
 47.8000 -0.3907 -1.2750 0.0000
 47.9000 -0.3920 -1.2750 0.0000
 48.0000 -0.3933 -1.2750 0.0000
 48.1000 -0.3946 -1.2750 0.0000
 48.2000 -0.3958 -1.2750 0.0000
 48.3000 -0.3971 -1.2750 0.0000
 48.4000 -0.3984 -1.2750 0.0000
 48.5000 -0.3997 -1.2750 0.0000
 48.6000 -0.4010 -1.2750 0.0000
 48.7000 -0.4023 -1.2750 0.0000
 48.8000 -0.4036 -1.2750 0.0000
 48.9000 -0.4049 -1.2750 0.0000
 49.0000 -0.4061 -1.2750 0.0000
 49.1000 -0.4074 -1.2750 0.0000
 49.2000 -0.4087 -1.2750 0.0000
 49.3000 -0.4100 -1.2750 0.0000
 49.4000 -0.4113 -1.2750 0.0000
 49.5000 -0.4126 -1.2750 0.0000
 49.6000 -0.4139 -1.2750 0.0000
 49.7000 -0.4152 -1.2750 0.0000
 49.8000 -0.4165 -1.2750 0.0000
 49.9000 -0.4177 -1.2750 0.0000
 50.0000 -0.4190 -1.2750 0.0000
 50.1000 -0.4203 -1.2750 0.0000
 50.2000 -0.4216 -1.2750 0.0000
 50.3000 -0.4229 -1.2750 0.0000
 50.4000 -0.4242 -1.2750 0.0000
 50.5000 -0.4255 -1.2750 0.0000
 50.6000 -0.4268 -1.2750 0.0000
 50.7000 -0.4280 -1.2750 0.0000
 50.8000 -0.4293 -1.2750 0.0000
 50.9000 -0.4306 -1.2750 0.0000
 51.0000 -0.4319 -1.2750 0.0000
 51.1000 -0.4332 -1.2750 0.0000
 51.2000 -0.4345 -1.2750 0.0000
 51.3000 -0.4358 -1.2750 0.0000
 51.4000 -0.4371 -1.2750 0.0000
 51.5000 -0.4383 -1.2750 0.0000
 51.6000 -0.4396 -1.2750 0.0000
 51.7000 -0.4409 -1.2750 0.0000
 51.8000 -0.4422 -1.2750 0.0000
 51.9000 -0.4435 -1.2750 0.0000
 52.0000 -0.4448 -1.2750 0.0000
 52.1000 -0.4461 -1.2750 0.0000
 52.2000 -0.4474 -1.2750 0.0000
 52.3000 -0.4487 -1.2750 0.0000
 52.4000 -0.4499 -1.2750 0.0000
 52.5000 -0.4512 -1.2750 0.0000
 52.6000 -0.4525 -1.2750 0.0000
 52.7000 -0.4538 -1.2750 0.0000
 52.8000 -0.4551 -1.2750 0.0000
 52.9000 -0.4564 -1.2750 0.0000
 53.0000 -0.4577 -1.2750 0.0000
 53.1000 -0.4590 -1.2750 0.0000
 53.2000 -0.4602 -1.2750 0.0000
 53.3000 -0.4615 -1.2750 0.0000
 53.4000 -0.4628 -1.2750 0.0000
 53.5000 -0.4641 -1.2750 0.0000
 53.6000 -0.4654 -1.2750 0.0000
 53.7000 -0.4667 -1.2750 0.0000
 53.8000 -0.4680 -1.2750 0.0000
 53.9000 -0.4693 -1.2750 0.0000
 54.0000 -0.4706 -1.2750 0.0000
 54.1000 -0.4718 -1.2750 0.0000
 54.2000 -0.4731 -1.2750 0.0000
 54.3000 -0.4744 -1.2750 0.0000
 54.4000 -0.4757 -1.2750 0.0000
 54.5000 -0.4770 -1.2750 0.0000
 54.6000 -0.4783 -1.2750 0.0000
 54.7000 -0.4796 -1.2750 0.0000
 54.8000 -0.4809 -1.2750 0.0000
 54.9000 -0.4821 -1.2750 0.0000
 55.0000 -0.4834 -1.2750 0.0000
 55.1000 -0.4847 -1.2750 0.0000
 55.2000 -0.4860 -1.2750 0.0000
 55.3000 -0.4873 -1.2750 0.0000
 55.4000 -0.4886 -1.2750 0.0000
 55.5000 -0.4899 -1.2750 0.0000
 55.6000 -0.4912 -1.2750 0.0000
 55.7000 -0.4924 -1.2750 0.0000
 55.8000 -0.4937 -1.2750 0.0000
 55.9000 -0.4950 -1.2750 0.0000
 56.0000 -0.4963 -1.2750 0.0000
 56.1000 -0.4976 -1.2750 0.0000
 56.2000 -0.4989 -1.2750 0.0000
 56.3000 -0.5002 -1.2750 0.0000
 56.4000 -0.5015 -1.2750 0.0000
 56.5000 -0.5028 -1.2750 0.0000
 56.6000 -0.5040 -1.2750 0.0000
 56.7000 -0.5053 -1.2750 0.0000
 56.8000 -0.5066 -1.2750 0.0000
 56.9000 -0.5079 -1.2750 0.0000
 57.0000 -0.5092 -1.2750 0.0000
 57.1000 -0.5105 -1.2750 0.0000
 57.2000 -0.5118 -1.2750 0.0000
 57.3000 -0.5131 -1.2750 0.0000
 57.4000 -0.5143 -1.2750 0.0000
 57.5000 -0.5156 -1.2750 0.0000
 57.6000 -0.5169 -1.2750 0.0000
 57.7000 -0.5182 -1.2750 0.0000
 57.8000 -0.5195 -1.2750 0.0000
 57.9000 -0.5208 -1.2750 0.0000
 58.0000 -0.5221 -1.2750 0.0000
 58.1000 -0.5234 -1.2750 0.0000
 58.2000 -0.5246 -1.2750 0.0000
 58.3000 -0.5259 -1.2750 0.0000
 58.4000 -0.5272 -1.2750 0.0000
 58.5000 -0.5285 -1.2750 0.0000
 58.6000 -0.5298 -1.2750 0.0000
 58.7000 -0.5311 -1.2750 0.0000
 58.8000 -0.5324 -1.2750 0.0000
 58.9000 -0.5337 -1.2750 0.0000
 59.0000 -0.5350 -1.2750 0.0000
 59.1000 -0.5362 -1.2750 0.0000
 59.2000 -0.5375 -1.2750 0.0000
 59.3000 -0.5388 -1.2750 0.0000
 59.4000 -0.5401 -1.2750 0.0000
 59.5000 -0.5414 -1.2750 0.0000
 59.6000 -0.5427 -1.2750 0.0000
 59.7000 -0.5440 -1.2750 0.0000
 59.8000 -0.5453 -1.2750 0.0000
 59.9000 -0.5465 -1.2750 0.0000
 60.0000 -0.5478 -1.2750 0.0000
 60.1000 -0.5491 -1.2750 0.0000
 60.2000 -0.5504 -1.2750 0.0000
 60.3000 -0.5517 -1.2750 0.0000
 60.4000 -0.5530 -1.2750 0.0000
 60.5000 -0.5543 -1.2750 0.0000
 60.6000 -0.5556 -1.2750 0.0000
 60.7000 -0.5568 -1.2750 0.0000
 0.0000 0.2250 -1.2750 0.0000
 0.1000 0.2263 -1.2750 0.0000
 0.2000 0.2276 -1.2750 0.0000
 0.3000 0.2289 -1.2750 0.0000
 0.4000 0.2302 -1.2750 0.0000
 0.5000 0.2314 -1.2750 0.0000
 0.6000 0.2327 -1.2750 0.0000
 0.7000 0.2340 -1.2750 0.0000
 0.8000 0.2353 -1.2750 0.0000
 0.9000 0.2366 -1.2750 0.0000
 1.0000 0.2379 -1.2750 0.0000
 1.1000 0.2392 -1.2750 0.0000
 1.2000 0.2405 -1.2750 0.0000
 1.3000 0.2417 -1.2750 0.0000
 1.4000 0.2430 -1.2750 0.0000
 1.5000 0.2443 -1.2750 0.0000
 1.6000 0.2456 -1.2750 0.0000
 1.7000 0.2469 -1.2750 0.0000
 1.8000 0.2482 -1.2750 0.0000
 1.9000 0.2495 -1.2750 0.0000
 2.0000 0.2508 -1.2750 0.0000
 2.1000 0.2520 -1.2750 0.0000
 2.2000 0.2533 -1.2750 0.0000
 2.3000 0.2546 -1.2750 0.0000
 2.4000 0.2559 -1.2750 0.0000
 2.5000 0.2572 -1.2750 0.0000
 2.6000 0.2585 -1.2750 0.0000
 2.7000 0.2598 -1.2750 0.0000
 2.8000 0.2611 -1.2750 0.0000
 2.9000 0.2624 -1.2750 0.0000
 3.0000 0.2636 -1.2750 0.0000
 3.1000 0.2649 -1.2750 0.0000
 3.2000 0.2662 -1.2750 0.0000
 3.3000 0.2675 -1.2750 0.0000
 3.4000 0.2688 -1.2750 0.0000
 3.5000 0.2701 -1.2750 0.0000
 3.6000 0.2714 -1.2750 0.0000
 3.7000 0.2727 -1.2750 0.0000
 3.8000 0.2739 -1.2750 0.0000
 3.9000 0.2752 -1.2750 0.0000
 4.0000 0.2765 -1.2750 0.0000
 4.1000 0.2778 -1.2750 0.0000
 4.2000 0.2791 -1.2750 0.0000
 4.3000 0.2804 -1.2750 0.0000
 4.4000 0.2817 -1.2750 0.0000
 4.5000 0.2830 -1.2750 0.0000
 4.6000 0.2843 -1.2750 0.0000
 4.7000 0.2855 -1.2750 0.0000
 4.8000 0.2868 -1.2750 0.0000
 4.9000 0.2881 -1.2750 0.0000
 5.0000 0.2894 -1.2750 0.0000
 5.1000 0.2907 -1.2750 0.0000
 5.2000 0.2920 -1.2750 0.0000
 5.3000 0.2933 -1.2750 0.0000
 5.4000 0.2946 -1.2750 0.0000
 5.5000 0.2958 -1.2750 0.0000
 5.6000 0.2971 -1.2750 0.0000
 5.7000 0.2984 -1.2750 0.0000
 5.8000 0.2997 -1.2750 0.0000
 5.9000 0.3010 -1.2750 0.0000
 6.0000 0.3023 -1.2750 0.0000
 6.1000 0.3036 -1.2750 0.0000
 6.2000 0.3049 -1.2750 0.0000
 6.3000 0.3061 -1.2750 0.0000
 6.4000 0.3074 -1.2750 0.0000
 6.5000 0.3087 -1.2750 0.0000
 6.6000 0.3100 -1.2750 0.0000
 6.7000 0.3113 -1.2750 0.0000
 6.8000 0.3126 -1.2750 0.0000
 6.9000 0.3139 -1.2750 0.0000
 7.0000 0.3152 -1.2750 0.0000
 7.1000 0.3165 -1.2750 0.0000
 7.2000 0.3177 -1.2750 0.0000
 7.3000 0.3190 -1.2750 0.0000
 7.4000 0.3203 -1.2750 0.0000
 7.5000 0.3216 -1.2750 0.0000
 7.6000 0.3229 -1.2750 0.0000
 7.7000 0.3242 -1.2750 0.0000
 7.8000 0.3255 -1.2750 0.0000
 7.9000 0.3268 -1.2750 0.0000
 8.0000 0.3280 -1.2750 0.0000
 8.1000 0.3293 -1.2750 0.0000
 8.2000 0.3306 -1.2750 0.0000
 8.3000 0.3319 -1.2750 0.0000
 8.4000 0.3332 -1.2750 0.0000
 8.5000 0.3345 -1.2750 0.0000
 8.6000 0.3358 -1.2750 0.0000
 8.7000 0.3371 -1.2750 0.0000
 8.8000 0.3383 -1.2750 0.0000
 8.9000 0.3396 -1.2750 0.0000
 9.0000 0.3409 -1.2750 0.0000
 9.1000 0.3422 -1.2750 0.0000
 9.2000 0.3435 -1.2750 0.0000
 9.3000 0.3448 -1.2750 0.0000
 9.4000 0.3461 -1.2750 0.0000
 9.5000 0.3474 -1.2750 0.0000
 9.6000 0.3487 -1.2750 0.0000
 9.7000 0.3499 -1.2750 0.0000
 9.8000 0.3512 -1.2750 0.0000
 9.9000 0.3525 -1.2750 0.0000
 10.0000 0.3538 -1.2750 0.0000
 10.1000 0.3551 -1.2750 0.0000
 10.2000 0.3564 -1.2750 0.0000
 10.3000 0.3577 -1.2750 0.0000
 10.4000 0.3590 -1.2750 0.0000
 10.5000 0.3602 -1.2750 0.0000
 10.6000 0.3615 -1.2750 0.0000
 10.7000 0.3628 -1.2750 0.0000
 10.8000 0.3641 -1.2750 0.0000
 10.9000 0.3654 -1.2750 0.0000
 11.0000 0.3667 -1.2750 0.0000
 11.1000 0.3680 -1.2750 0.0000
 11.2000 0.3693 -1.2750 0.0000
 11.3000 0.3706 -1.2750 0.0000
 11.4000 0.3718 -1.2750 0.0000
 11.5000 0.3731 -1.2750 0.0000
 11.6000 0.3744 -1.2750 0.0000
 11.7000 0.3757 -1.2750 0.0000
 11.8000 0.3770 -1.2750 0.0000
 11.9000 0.3783 -1.2750 0.0000
 12.0000 0.3796 -1.2750 0.0000
 12.1000 0.3809 -1.2750 0.0000
 12.2000 0.3821 -1.2750 0.0000
 12.3000 0.3834 -1.2750 0.0000
 12.4000 0.3847 -1.2750 0.0000
 12.5000 0.3860 -1.2750 0.0000
 12.6000 0.3873 -1.2750 0.0000
 12.7000 0.3886 -1.2750 0.0000
 12.8000 0.3899 -1.2750 0.0000
 12.9000 0.3912 -1.2750 0.0000
 13.0000 0.3924 -1.2750 0.0000
 13.1000 0.3937 -1.2750 0.0000
 13.2000 0.3950 -1.2750 0.0000
 13.3000 0.3963 -1.2750 0.0000
 13.4000 0.3976 -1.2750 0.0000
 13.5000 0.3989 -1.2750 0.0000
 13.6000 0.4002 -1.2750 0.0000
 13.7000 0.4015 -1.2750 0.0000
 13.8000 0.4028 -1.2750 0.0000
 13.9000 0.4040 -1.2750 0.0000
 14.0000 0.4053 -1.2750 0.0000
 14.1000 0.4066 -1.2750 0.0000
 14.2000 0.4079 -1.2750 0.0000
 14.3000 0.4092 -1.2750 0.0000
 14.4000 0.4105 -1.2750 0.0000
 14.5000 0.4118 -1.2750 0.0000
 14.6000 0.4131 -1.2750 0.0000
 14.7000 0.4143 -1.2750 0.0000
 14.8000 0.4156 -1.2750 0.0000
 14.9000 0.4169 -1.2750 0.0000
 15.0000 0.4182 -1.2750 0.0000
 15.1000 0.4195 -1.2750 0.0000
 15.2000 0.4208 -1.2750 0.0000
 15.3000 0.4221 -1.2750 0.0000
 15.4000 0.4234 -1.2750 0.0000
 15.5000 0.4246 -1.2750 0.0000
 15.6000 0.4259 -1.2750 0.0000
 15.7000 0.4272 -1.2750 0.0000
 15.8000 0.4285 -1.2750 0.0000
 15.9000 0.4298 -1.2750 0.0000
 16.0000 0.4311 -1.2750 0.0000
 16.1000 0.4324 -1.2750 0.0000
 16.2000 0.4337 -1.2750 0.0000
 16.3000 0.4350 -1.2750 0.0000
 16.4000 0.4362 -1.2750 0.0000
 16.5000 0.4375 -1.2750 0.0000
 16.6000 0.4388 -1.2750 0.0000
 16.7000 0.4401 -1.2750 0.0000
 16.8000 0.4414 -1.2750 0.0000
 16.9000 0.4427 -1.2750 0.0000
 17.0000 0.4440 -1.2750 0.0000
 17.1000 0.4453 -1.2750 0.0000
 17.2000 0.4465 -1.2750 0.0000
 17.3000 0.4478 -1.2750 0.0000
 17.4000 0.4491 -1.2750 0.0000
 17.5000 0.4504 -1.2750 0.0000
 17.6000 0.4517 -1.2750 0.0000
 17.7000 0.4530 -1.2750 0.0000
 17.8000 0.4543 -1.2750 0.0000
 17.9000 0.4556 -1.2750 0.0000
 18.0000 0.4569 -1.2750 0.0000
 18.1000 0.4581 -1.2750 0.0000
 18.2000 0.4594 -1.2750 0.0000
 18.3000 0.4607 -1.2750 0.0000
 18.4000 0.4620 -1.2750 0.0000
 18.5000 0.4633 -1.2750 0.0000
 18.6000 0.4646 -1.2750 0.0000
 18.7000 0.4659 -1.2750 0.0000
 18.8000 0.4672 -1.2750 0.0000
 18.9000 0.4684 -1.2750 0.0000
 19.0000 0.4697 -1.2750 0.0000
 19.1000 0.4710 -1.2750 0.0000
 19.2000 0.4723 -1.2750 0.0000
 19.3000 0.4736 -1.2750 0.0000
 19.4000 0.4749 -1.2750 0.0000
 19.5000 0.4762 -1.2750 0.0000
 19.6000 0.4775 -1.2750 0.0000
 19.7000 0.4787 -1.2750 0.0000
 19.8000 0.4800 -1.2750 0.0000
 19.9000 0.4813 -1.2750 0.0000
 20.0000 0.4826 -1.2750 0.0000
 20.1000 0.4839 -1.2750 0.0000
 20.2000 0.4852 -1.2750 0.0000
 20.3000 0.4865 -1.2750 0.0000
 20.4000 0.4878 -1.2750 0.0000
 20.5000 0.4891 -1.2750 0.0000
 20.6000 0.4903 -1.2750 0.0000
 20.7000 0.4916 -1.2750 0.0000
 20.8000 0.4929 -1.2750 0.0000
 20.9000 0.4942 -1.2750 0.0000
 21.0000 0.4955 -1.2750 0.0000
 21.1000 0.4968 -1.2750 0.0000
 21.2000 0.4981 -1.2750 0.0000
 21.3000 0.4994 -1.2750 0.0000
 21.4000 0.5006 -1.2750 0.0000
 21.5000 0.5019 -1.2750 0.0000
 21.6000 0.5032 -1.2750 0.0000
 21.7000 0.5045 -1.2750 0.0000
 21.8000 0.5058 -1.2750 0.0000
 21.9000 0.5071 -1.2750 0.0000
 22.0000 0.5084 -1.2750 0.0000
 22.1000 0.5097 -1.2750 0.0000
 22.2000 0.5109 -1.2750 0.0000
 22.3000 0.5122 -1.2750 0.0000
 22.4000 0.5135 -1.2750 0.0000
 22.5000 0.5148 -1.2750 0.0000
 22.6000 0.5161 -1.2750 0.0000
 22.7000 0.5174 -1.2750 0.0000
 22.8000 0.5187 -1.2750 0.0000
 22.9000 0.5200 -1.2750 0.0000
 23.0000 0.5213 -1.2750 0.0000
 23.1000 0.5225 -1.2750 0.0000
 23.2000 0.5238 -1.2750 0.0000
 23.3000 0.5251 -1.2750 0.0000
 23.4000 0.5264 -1.2750 0.0000
 23.5000 0.5277 -1.2750 0.0000
 23.6000 0.5290 -1.2750 0.0000
 23.7000 0.5303 -1.2750 0.0000
 23.8000 0.5316 -1.2750 0.0000
 23.9000 0.5328 -1.2750 0.0000
 24.0000 0.5341 -1.2750 0.0000
 24.1000 0.5354 -1.2750 0.0000
 24.2000 0.5367 -1.2750 0.0000
 24.3000 0.5380 -1.2750 0.0000
 24.4000 0.5393 -1.2750 0.0000
 24.5000 0.5406 -1.2750 0.0000
 24.6000 0.5419 -1.2750 0.0000
 24.7000 0.5431 -1.2750 0.0000
 24.8000 0.5444 -1.2750 0.0000
 24.9000 0.5457 -1.2750 0.0000
 25.0000 0.5470 -1.2750 0.0000
 25.1000 0.5483 -1.2750 0.0000
 25.2000 0.5496 -1.2750 0.0000
 25.3000 0.5509 -1.2750 0.0000
 25.4000 0.5522 -1.2750 0.0000
 25.5000 0.5535 -1.2750 0.0000
 25.6000 0.5547 -1.2750 0.0000
 25.7000 0.5560 -1.2750 0.0000
 25.8000 0.5573 -1.2750 0.0000
 25.9000 0.5586 -1.2750 0.0000
 26.0000 0.5599 -1.2750 0.0000
 26.1000 0.5612 -1.2750 0.0000
 26.2000 0.5625 -1.2750 0.0000
 26.3000 0.5638 -1.2750 0.0000
 26.4000 0.5650 -1.2750 0.0000
 26.5000 0.5663 -1.2750 0.0000
 26.6000 0.5676 -1.2750 0.0000
 26.7000 0.5689 -1.2750 0.0000
 26.8000 0.5702 -1.2750 0.0000
 26.9000 0.5715 -1.2750 0.0000
 27.0000 0.5728 -1.2750 0.0000
 27.1000 0.5741 -1.2750 0.0000
 27.2000 0.5754 -1.2750 0.0000
 27.3000 0.5766 -1.2750 0.0000
 27.4000 0.5779 -1.2750 0.0000
 27.5000 0.5792 -1.2750 0.0000
 27.6000 0.5805 -1.2750 0.0000
 27.7000 0.5818 -1.2750 0.0000
 27.8000 0.5831 -1.2750 0.0000
 27.9000 0.5844 -1.2750 0.0000
 28.0000 0.5857 -1.2750 0.0000
 28.1000 0.5869 -1.2750 0.0000
 28.2000 0.5882 -1.2750 0.0000
 28.3000 0.5895 -1.2750 0.0000
 28.4000 0.5908 -1.2750 0.0000
 28.5000 0.5921 -1.2750 0.0000
 28.6000 0.5934 -1.2750 0.0000
 28.7000 0.5947 -1.2750 0.0000
 28.8000 0.5960 -1.2750 0.0000
 28.9000 0.5972 -1.2750 0.0000
 29.0000 0.5985 -1.2750 0.0000
 29.1000 0.5998 -1.2750 0.0000
 29.2000 0.6011 -1.2750 0.0000
 29.3000 0.6024 -1.2750 0.0000
 29.4000 0.6037 -1.2750 0.0000
 29.5000 0.6050 -1.2750 0.0000
 29.6000 0.6063 -1.2750 0.0000
 29.7000 0.6076 -1.2750 0.0000
 29.8000 0.6088 -1.2750 0.0000
 29.9000 0.6101 -1.2750 0.0000
 30.0000 0.6114 -1.2750 0.0000
 30.1000 0.6127 -1.2750 0.0000
 30.2000 0.6140 -1.2750 0.0000
 30.3000 0.6153 -1.2750 0.0000
 30.4000 0.6166 -1.2750 0.0000
 30.5000 0.6179 -1.2750 0.0000
 30.6000 0.6191 -1.2750 0.0000
 30.7000 0.6204 -1.2750 0.0000
 30.8000 0.6217 -1.2750 0.0000
 30.9000 0.6230 -1.2750 0.0000
 31.0000 0.6243 -1.2750 0.0000
 31.1000 0.6256 -1.2750 0.0000
 31.2000 0.6269 -1.2750 0.0000
 31.3000 0.6282 -1.2750 0.0000
 31.4000 0.6294 -1.2750 0.0000
 31.5000 0.6307 -1.2750 0.0000
 31.6000 0.6320 -1.2750 0.0000
 31.7000 0.6333 -1.2750 0.0000
 31.8000 0.6346 -1.2750 0.0000
 31.9000 0.6359 -1.2750 0.0000
 32.0000 0.6372 -1.2750 0.0000
 32.1000 0.6385 -1.2750 0.0000
 32.2000 0.6398 -1.2750 0.0000
 32.3000 0.6410 -1.2750 0.0000
 32.4000 0.6423 -1.2750 0.0000
 32.5000 0.6436 -1.2750 0.0000
 32.6000 0.6449 -1.2750 0.0000
 32.7000 0.6462 -1.2750 0.0000
 32.8000 0.6475 -1.2750 0.0000
 32.9000 0.6488 -1.2750 0.0000
 33.0000 0.6501 -1.2750 0.0000
 33.1000 0.6513 -1.2750 0.0000
 33.2000 0.6526 -1.2750 0.0000
 33.3000 0.6539 -1.2750 0.0000
 33.4000 0.6552 -1.2750 0.0000
 33.5000 0.6565 -1.2750 0.0000
 33.6000 0.6578 -1.2750 0.0000
 33.7000 0.6591 -1.2750 0.0000
 33.8000 0.6604 -1.2750 0.0000
 33.9000 0.6617 -1.2750 0.0000
 34.0000 0.6629 -1.2750 0.0000
 34.1000 0.6642 -1.2750 0.0000
 34.2000 0.6655 -1.2750 0.0000
 34.3000 0.6668 -1.2750 0.0000
 34.4000 0.6681 -1.2750 0.0000
 34.5000 0.6694 -1.2750 0.0000
 34.6000 0.6707 -1.2750 0.0000
 34.7000 0.6720 -1.2750 0.0000
 34.8000 0.6732 -1.2750 0.0000
 34.9000 0.6745 -1.2750 0.0000
 35.0000 0.6758 -1.2750 0.0000
 35.1000 0.6771 -1.2750 0.0000
 35.2000 0.6784 -1.2750 0.0000
 35.3000 0.6797 -1.2750 0.0000
 35.4000 0.6810 -1.2750 0.0000
 35.5000 0.6823 -1.2750 0.0000
 35.6000 0.6835 -1.2750 0.0000
 35.7000 0.6848 -1.2750 0.0000
 35.8000 0.6861 -1.2750 0.0000
 35.9000 0.6874 -1.2750 0.0000
 36.0000 0.6887 -1.2750 0.0000
 36.1000 0.6900 -1.2750 0.0000
 36.2000 0.6913 -1.2750 0.0000
 36.3000 0.6926 -1.2750 0.0000
 36.4000 0.6939 -1.2750 0.0000
 36.5000 0.6951 -1.2750 0.0000
 36.6000 0.6964 -1.2750 0.0000
 36.7000 0.6977 -1.2750 0.0000
 36.8000 0.6990 -1.2750 0.0000
 36.9000 0.7003 -1.2750 0.0000
 37.0000 0.7016 -1.2750 0.0000
 37.1000 0.7029 -1.2750 0.0000
 37.2000 0.7042 -1.2750 0.0000
 37.3000 0.7054 -1.2750 0.0000
 37.4000 0.7067 -1.2750 0.0000
 37.5000 0.7080 -1.2750 0.0000
 37.6000 0.7093 -1.2750 0.0000
 37.7000 0.7106 -1.2750 0.0000
 37.8000 0.7119 -1.2750 0.0000
 37.9000 0.7132 -1.2750 0.0000
 38.0000 0.7145 -1.2750 0.0000
 38.1000 0.7157 -1.2750 0.0000
 38.2000 0.7170 -1.2750 0.0000
 38.3000 0.7183 -1.2750 0.0000
 38.4000 0.7196 -1.2750 0.0000
 38.5000 0.7209 -1.2750 0.0000
 38.6000 0.7222 -1.2750 0.0000
 38.7000 0.7235 -1.2750 0.0000
 38.8000 0.7248 -1.2750 0.0000
 38.9000 0.7261 -1.2750 0.0000
 39.0000 0.7273 -1.2750 0.0000
 39.1000 0.7286 -1.2750 0.0000
 39.2000 0.7299 -1.2750 0.0000
 39.3000 0.7312 -1.2750 0.0000
 39.4000 0.7325 -1.2750 0.0000
 39.5000 0.7338 -1.2750 0.0000
 39.6000 0.7351 -1.2750 0.0000
 39.7000 0.7364 -1.2750 0.0000
 39.8000 0.7376 -1.2750 0.0000
 39.9000 0.7389 -1.2750 0.0000
 40.0000 0.7402 -1.2750 0.0000
 40.1000 0.7415 -1.2750 0.0000
 40.2000 0.7428 -1.2750 0.0000
 40.3000 0.7441 -1.2750 0.0000
 40.4000 0.7454 -1.2750 0.0000
 40.5000 0.7467 -1.2750 0.0000
 40.6000 0.7480 -1.2750 0.0000
 40.7000 0.7492 -1.2750 0.0000
 40.8000 0.7505 -1.2750 0.0000
 40.9000 0.7518 -1.2750 0.0000
 41.0000 0.7531 -1.2750 0.0000
 41.1000 0.7544 -1.2750 0.0000
 41.2000 0.7557 -1.2750 0.0000
 41.3000 0.7570 -1.2750 0.0000
 41.4000 0.7583 -1.2750 0.0000
 41.5000 0.7595 -1.2750 0.0000
 41.6000 0.7608 -1.2750 0.0000
 41.7000 0.7621 -1.2750 0.0000
 41.8000 0.7634 -1.2750 0.0000
 41.9000 0.7647 -1.2750 0.0000
 42.0000 0.7660 -1.2750 0.0000
 42.1000 0.7673 -1.2750 0.0000
 42.2000 0.7686 -1.2750 0.0000
 42.3000 0.7698 -1.2750 0.0000
 42.4000 0.7711 -1.2750 0.0000
 42.5000 0.7724 -1.2750 0.0000
 42.6000 0.7737 -1.2750 0.0000
 42.7000 0.7750 -1.2750 0.0000
 42.8000 0.7763 -1.2750 0.0000
 42.9000 0.7776 -1.2750 0.0000
 43.0000 0.7789 -1.2750 0.0000
 43.1000 0.7802 -1.2750 0.0000
 43.2000 0.7814 -1.2750 0.0000
